Surface,Normalized,Reading,Dictionary,POS1,POS2,POS3,POS4,Conj_Type,Conj,OOV,B_Split,A_Split
プライバシーポリシー,プライバシーポリシー,プライバシーポリシー,プライバシーポリシー,名詞,固有名詞,一般,*,*,*,False,プライバシー-ポリシー,プライバシー-ポリシー
-,-,-,-,補助記号,一般,*,*,*,*,False,*,*
すま,すま,スマ,すま,名詞,固有名詞,人名,名,*,*,False,*,*
ほん,本,ホン,ほん,接尾辞,名詞的,助数詞,*,*,*,False,*,*
!,!,!,!,補助記号,句点,*,*,*,*,False,*,*
!,!,!,!,補助記号,句点,*,*,*,*,False,*,*
すま,すま,スマ,すま,名詞,固有名詞,人名,名,*,*,False,*,*
ほん,本,ホン,ほん,接尾辞,名詞的,助数詞,*,*,*,False,*,*
!,!,!,!,補助記号,句点,*,*,*,*,False,*,*
!,!,!,!,補助記号,句点,*,*,*,*,False,*,*
Android,Android,アンドロイド,Android,名詞,固有名詞,一般,*,*,*,False,*,*
Android,Android,アンドロイド,Android,名詞,固有名詞,一般,*,*,*,False,*,*
使い方,使い方,ツカイカタ,使い方,名詞,普通名詞,一般,*,*,*,False,*,*
Android,Android,アンドロイド,Android,名詞,固有名詞,一般,*,*,*,False,*,*
購入,購入,コウニュウ,購入,名詞,普通名詞,サ変可能,*,*,*,False,*,*
ガイド,ガイド,ガイド,ガイド,名詞,普通名詞,サ変可能,*,*,*,False,*,*
Android,android,アンドロイド,android,名詞,普通名詞,一般,*,*,*,False,*,*
アプリ,アプリ,アプリ,アプリ,名詞,普通名詞,一般,*,*,*,False,*,*
Android,Android,アンドロイド,Android,名詞,固有名詞,一般,*,*,*,False,*,*
端末,端末,タンマツ,端末,名詞,普通名詞,一般,*,*,*,False,*,*
カタログ,カタログ,カタログ,カタログ,名詞,普通名詞,一般,*,*,*,False,*,*
Android,Android,アンドロイド,Android,名詞,固有名詞,一般,*,*,*,False,*,*
端末,端末,タンマツ,端末,名詞,普通名詞,一般,*,*,*,False,*,*
レビュー,レビュー,レビュー,レビュー,名詞,普通名詞,サ変可能,*,*,*,False,*,*
Android,Android,アンドロイド,Android,名詞,固有名詞,一般,*,*,*,False,*,*
アクセサリー,アクセサリー,アクセサリー,アクセサリー,名詞,普通名詞,一般,*,*,*,False,*,*
iOS,iOS,アイオーエス,iOS,名詞,固有名詞,一般,*,*,*,False,*,*
iPad,iPad,アイパッド,iPad,名詞,固有名詞,一般,*,*,*,False,*,*
レビュー,レビュー,レビュー,レビュー,名詞,普通名詞,サ変可能,*,*,*,False,*,*
iPad,iPad,アイパッド,iPad,名詞,固有名詞,一般,*,*,*,False,*,*
使い方,使い方,ツカイカタ,使い方,名詞,普通名詞,一般,*,*,*,False,*,*
iPad,iPad,アイパッド,iPad,名詞,固有名詞,一般,*,*,*,False,*,*
購入,購入,コウニュウ,購入,名詞,普通名詞,サ変可能,*,*,*,False,*,*
ガイド,ガイド,ガイド,ガイド,名詞,普通名詞,サ変可能,*,*,*,False,*,*
iPad,iPad,アイパッド,iPad,名詞,固有名詞,一般,*,*,*,False,*,*
アクセサリー,アクセサリー,アクセサリー,アクセサリー,名詞,普通名詞,一般,*,*,*,False,*,*
iPhone,iPhone,アイフォーン,iPhone,名詞,固有名詞,一般,*,*,*,False,*,*
レビュー,レビュー,レビュー,レビュー,名詞,普通名詞,サ変可能,*,*,*,False,*,*
iPhone,iPhone,アイフォーン,iPhone,名詞,固有名詞,一般,*,*,*,False,*,*
使い方,使い方,ツカイカタ,使い方,名詞,普通名詞,一般,*,*,*,False,*,*
iPhone,iPhone,アイフォーン,iPhone,名詞,固有名詞,一般,*,*,*,False,*,*
購入,購入,コウニュウ,購入,名詞,普通名詞,サ変可能,*,*,*,False,*,*
ガイド,ガイド,ガイド,ガイド,名詞,普通名詞,サ変可能,*,*,*,False,*,*
iPhoneアプリ,iPhoneアプリ,アイフォーンアプリ,iPhoneアプリ,名詞,固有名詞,一般,*,*,*,False,iPhone-アプリ,iPhone-アプリ
iPhone,iPhone,アイフォーン,iPhone,名詞,固有名詞,一般,*,*,*,False,*,*
アクセサリー,アクセサリー,アクセサリー,アクセサリー,名詞,普通名詞,一般,*,*,*,False,*,*
PC,PC,ピーシー,PC,名詞,普通名詞,一般,*,*,*,False,*,*
Mac,Mac,マック,Mac,名詞,固有名詞,一般,*,*,*,False,*,*
PC,PC,ピーシー,PC,名詞,普通名詞,一般,*,*,*,False,*,*
レビュー,レビュー,レビュー,レビュー,名詞,普通名詞,サ変可能,*,*,*,False,*,*
Windows,Windows,ウィンドウズ,Windows,名詞,固有名詞,一般,*,*,*,False,*,*
XR,XR,エックスアール,XR,名詞,普通名詞,一般,*,*,*,False,*,*
AR,AR,エーアール,Ar,名詞,普通名詞,一般,*,*,*,False,*,*
VR,VR,ブイアール,VR,名詞,普通名詞,一般,*,*,*,False,*,*
アクセ,アクセ,アクセ,アクセ,名詞,普通名詞,一般,*,*,*,False,*,*
ケース,ケース,ケース,ケース,名詞,普通名詞,一般,*,*,*,False,*,*
ケーブル,ケーブル,ケーブル,ケーブル,名詞,普通名詞,一般,*,*,*,False,*,*
・,・,・,・,補助記号,一般,*,*,*,*,False,*,*
充電,充電,ジュウデン,充電,名詞,普通名詞,サ変可能,*,*,*,False,*,*
ストレージ,ストレージ,ストレージ,ストレージ,名詞,普通名詞,一般,*,*,*,False,*,*
バッテリー,バッテリー,バッテリー,バッテリー,名詞,普通名詞,一般,*,*,*,False,*,*
画面,画面,ガメン,画面,名詞,普通名詞,一般,*,*,*,False,*,*
保護,保護,ホゴ,保護,名詞,普通名詞,サ変可能,*,*,*,False,*,*
車載,車載,シャサイ,車載,名詞,普通名詞,サ変可能,*,*,*,False,*,*
ホルダー,ホルダー,ホルダー,ホルダー,名詞,普通名詞,一般,*,*,*,False,*,*
ゲーム,ゲーム,ゲーム,ゲーム,名詞,普通名詞,一般,*,*,*,False,*,*
ゲーム,ゲーム,ゲーム,ゲーム,名詞,普通名詞,一般,*,*,*,False,*,*
アプリ,アプリ,アプリ,アプリ,名詞,普通名詞,一般,*,*,*,False,*,*
テック,テック,テック,テック,名詞,普通名詞,一般,*,*,*,False,*,*
AI,AI,エーアイ,AI,名詞,普通名詞,一般,*,*,*,False,*,*
・,・,・,・,補助記号,一般,*,*,*,*,False,*,*
人工知能,人工知能,ジンコウチノウ,人工知能,名詞,普通名詞,一般,*,*,*,False,人工-知能,人工-知能
IoT,IoT,アイオーティー,IoT,名詞,普通名詞,一般,*,*,*,False,*,*
Webサービス,ウェブサービス,ウェブサービス,Webサービス,名詞,普通名詞,一般,*,*,*,False,Web-サービス,Web-サービス
ウェアラブル,ウェアラブル,ウェアラブル,ウェアラブル,名詞,普通名詞,一般,*,*,*,False,*,*
セキュリティ,セキュリティー,セキュリティ,セキュリティ,名詞,普通名詞,一般,*,*,*,False,*,*
ドローン,ドローン,ドローン,ドローン,名詞,普通名詞,一般,*,*,*,False,*,*
プライバシー,プライバシー,プライバシー,プライバシー,名詞,普通名詞,一般,*,*,*,False,*,*
仮想通貨,仮想通貨,カソウツウカ,仮想通貨,名詞,普通名詞,一般,*,*,*,False,仮想-通貨,仮想-通貨
・,・,・,・,補助記号,一般,*,*,*,*,False,*,*
ブロック,ブロック,ブロック,ブロック,名詞,普通名詞,サ変可能,*,*,*,False,*,*
チェーン,チェーン,チェーン,チェーン,名詞,普通名詞,一般,*,*,*,False,*,*
ニュース,ニュース,ニュース,ニュース,名詞,普通名詞,一般,*,*,*,False,*,*
ネタ,ねた,ネタ,ネタ,名詞,普通名詞,一般,*,*,*,False,*,*
・,・,・,・,補助記号,一般,*,*,*,*,False,*,*
おもしろ,面白い,オモシロ,おもしろい,形容詞,一般,*,*,形容詞,語幹-一般,False,*,*
ネット,ネット,ネット,ネット,名詞,普通名詞,一般,*,*,*,False,*,*
話題,話題,ワダイ,話題,名詞,普通名詞,一般,*,*,*,False,*,*
リーク,リーク,リーク,リーク,名詞,普通名詞,サ変可能,*,*,*,False,*,*
情報,情報,ジョウホウ,情報,名詞,普通名詞,一般,*,*,*,False,*,*
社会,社会,シャカイ,社会,名詞,普通名詞,一般,*,*,*,False,*,*
家電,家電,カデン,家電,名詞,普通名詞,一般,*,*,*,False,*,*
カメラ,カメラ,カメラ,カメラ,名詞,普通名詞,一般,*,*,*,False,*,*
テレビ,テレビ,テレビ,テレビ,名詞,普通名詞,一般,*,*,*,False,*,*
オーディオ,オーディオ,オーディオ,オーディオ,名詞,普通名詞,一般,*,*,*,False,*,*
ロボット,ロボット,ロボット,ロボット,名詞,普通名詞,一般,*,*,*,False,*,*
白物家電,白物家電,シロモノカデン,白物家電,名詞,固有名詞,一般,*,*,*,False,白物-家電,白物-家電
生活,生活,セイカツ,生活,名詞,普通名詞,サ変可能,*,*,*,False,*,*
スマート,スマート,スマート,スマート,形状詞,一般,*,*,*,*,False,*,*
スピーカー,スピーカー,スピーカー,スピーカー,名詞,普通名詞,一般,*,*,*,False,*,*
スマート,スマート,スマート,スマート,形状詞,一般,*,*,*,*,False,*,*
ホーム,ホーム,ホーム,ホーム,名詞,普通名詞,一般,*,*,*,False,*,*
インテリア,インテリア,インテリア,インテリア,名詞,普通名詞,一般,*,*,*,False,*,*
旅,旅,タビ,旅,名詞,普通名詞,サ変可能,*,*,*,False,*,*
買い物,買い物,カイモノ,買い物,名詞,普通名詞,サ変可能,*,*,*,False,*,*
車,車,クルマ,車,名詞,普通名詞,一般,*,*,*,False,*,*
鞄,鞄,カバン,鞄,名詞,普通名詞,一般,*,*,*,False,*,*
趣味,趣味,シュミ,趣味,名詞,普通名詞,一般,*,*,*,False,*,*
通信,通信,ツウシン,通信,名詞,普通名詞,サ変可能,*,*,*,False,*,*
メーカー,メーカー,メーカー,メーカー,名詞,普通名詞,一般,*,*,*,False,*,*
中古,中古,チュウコ,中古,名詞,普通名詞,一般,*,*,*,False,*,*
白ロム,白ロム,シロロム,白ロム,名詞,固有名詞,一般,*,*,*,False,白-ロム,白-ロム
携帯,携帯,ケイタイ,携帯,名詞,普通名詞,サ変可能,*,*,*,False,*,*
会社,会社,カイシャ,会社,名詞,普通名詞,一般,*,*,*,False,*,*
・,・,・,・,補助記号,一般,*,*,*,*,False,*,*
料金,料金,リョウキン,料金,名詞,普通名詞,一般,*,*,*,False,*,*
プラン,プラン,プラン,プラン,名詞,普通名詞,一般,*,*,*,False,*,*
決済,決済,ケッサイ,決済,名詞,普通名詞,サ変可能,*,*,*,False,*,*
・,・,・,・,補助記号,一般,*,*,*,*,False,*,*
金融,金融,キンユウ,金融,名詞,普通名詞,サ変可能,*,*,*,False,*,*
販売,販売,ハンバイ,販売,名詞,普通名詞,サ変可能,*,*,*,False,*,*
ランキング,ランキング,ランキング,ランキング,名詞,普通名詞,サ変可能,*,*,*,False,*,*
障害,障害,ショウガイ,障害,名詞,普通名詞,サ変可能,*,*,*,False,*,*
・,・,・,・,補助記号,一般,*,*,*,*,False,*,*
不具合,不具合,フグアイ,不具合,名詞,普通名詞,形状詞可能,*,*,*,False,*,不-具合
特価,特価,トッカ,特価,名詞,普通名詞,一般,*,*,*,False,*,*
特価,特価,トッカ,特価,名詞,普通名詞,一般,*,*,*,False,*,*
取材,取材,シュザイ,取材,名詞,普通名詞,サ変可能,*,*,*,False,*,*
レビュー,レビュー,レビュー,レビュー,名詞,普通名詞,サ変可能,*,*,*,False,*,*
ZTE,ZTE,ゼットティイー,ZTE,名詞,固有名詞,一般,*,*,*,False,*,*
Motorola,Motorola,モトローラ,Motorola,名詞,固有名詞,一般,*,*,*,False,*,*
AQUOS,アクオス,アクオス,AQUOS,名詞,固有名詞,一般,*,*,*,False,*,*
Xperia,Xperia,エクスペリア,Xperia,名詞,固有名詞,一般,*,*,*,False,*,*
Galaxy,GALAXY,ギャラクシー,GALAXY,名詞,固有名詞,一般,*,*,*,False,*,*
音響,音響,オンキョウ,音響,名詞,普通名詞,一般,*,*,*,False,*,*
折り畳み,折り畳む,オリタタミ,折り畳む,動詞,一般,*,*,五段-マ行,連用形-一般,False,*,折り-畳み
すま,すま,スマ,すま,名詞,固有名詞,人名,名,*,*,False,*,*
ほん,本,ホン,ほん,接尾辞,名詞的,助数詞,*,*,*,False,*,*
!,!,!,!,補助記号,句点,*,*,*,*,False,*,*
!,!,!,!,補助記号,句点,*,*,*,*,False,*,*
»,»,キゴウ,»,補助記号,一般,*,*,*,*,False,*,*
プライバシーポリシー,プライバシーポリシー,プライバシーポリシー,プライバシーポリシー,名詞,固有名詞,一般,*,*,*,False,プライバシー-ポリシー,プライバシー-ポリシー
プライバシーポリシー,プライバシーポリシー,プライバシーポリシー,プライバシーポリシー,名詞,固有名詞,一般,*,*,*,False,プライバシー-ポリシー,プライバシー-ポリシー
「,「,キゴウ,「,補助記号,括弧開,*,*,*,*,False,*,*
https,HTTPS,エイチティーティーピーエス,HTTPS,名詞,固有名詞,一般,*,*,*,False,*,*
:,:,キゴウ,:,補助記号,一般,*,*,*,*,False,*,*
/,/,キゴウ,/,補助記号,一般,*,*,*,*,False,*,*
/,/,キゴウ,/,補助記号,一般,*,*,*,*,False,*,*
smhn,smhn,smhn,smhn,名詞,普通名詞,一般,*,*,*,True,*,*
。,。,。,。,補助記号,句点,*,*,*,*,False,*,*
info,インフォ,インフォ,Info,名詞,普通名詞,一般,*,*,*,False,*,*
」,」,キゴウ,」,補助記号,括弧閉,*,*,*,*,False,*,*
（,(,キゴウ,(,補助記号,括弧開,*,*,*,*,False,*,*
以下,以下,イカ,以下,名詞,普通名詞,一般,*,*,*,False,*,*
、,、,、,、,補助記号,読点,*,*,*,*,False,*,*
当,当,トウ,当,接頭辞,*,*,*,*,*,False,*,*
サイト,サイト,サイト,サイト,名詞,普通名詞,一般,*,*,*,False,*,*
）,),キゴウ,),補助記号,括弧閉,*,*,*,*,False,*,*
利用,利用,リヨウ,利用,名詞,普通名詞,サ変可能,*,*,*,False,*,*
さ,為る,サ,する,動詞,非自立可能,*,*,サ行変格,未然形-サ,False,*,*
方,方,カタ,方,名詞,普通名詞,助数詞可能,*,*,*,False,*,*
、,、,、,、,補助記号,読点,*,*,*,*,False,*,*
以下,以下,イカ,以下,名詞,普通名詞,一般,*,*,*,False,*,*
記載,記載,キサイ,記載,名詞,普通名詞,サ変可能,*,*,*,False,*,*
する,為る,スル,する,動詞,非自立可能,*,*,サ行変格,連体形-一般,False,*,*
諸,諸,ショ,諸,接頭辞,*,*,*,*,*,False,*,*
条件,条件,ジョウケン,条件,名詞,普通名詞,一般,*,*,*,False,*,*
同意,同意,ドウイ,同意,名詞,普通名詞,サ変可能,*,*,*,False,*,*
し,為る,シ,する,動詞,非自立可能,*,*,サ行変格,連用形-一般,False,*,*
もの,物,モノ,もの,名詞,普通名詞,サ変可能,*,*,*,False,*,*
みなし,見なす,ミナシ,みなす,動詞,一般,*,*,五段-サ行,連用形-一般,False,*,*
。,。,。,。,補助記号,句点,*,*,*,*,False,*,*
Index,インデックス,インデックス,INDEX,名詞,普通名詞,一般,*,*,*,False,*,*
1,1,イチ,1,名詞,数詞,*,*,*,*,False,*,*
個人情報,個人情報,コジンジョウホウ,個人情報,名詞,普通名詞,一般,*,*,*,False,個人-情報,個人-情報
収集,収集,シュウシュウ,収集,名詞,普通名詞,サ変可能,*,*,*,False,*,*
つい,つく,ツイ,つく,動詞,一般,*,*,五段-カ行,連用形-イ音便,False,*,*
2,2,ニ,2,名詞,数詞,*,*,*,*,False,*,*
Google Adsense,Google AdSense,グーグルアドセンス,Google AdSense,名詞,固有名詞,一般,*,*,*,False,*,*
つい,つく,ツイ,つく,動詞,一般,*,*,五段-カ行,連用形-イ音便,False,*,*
3,3,サン,3,名詞,数詞,*,*,*,*,False,*,*
アフィリエイト,アフィリエイト,アフィリエイト,アフィリエイト,名詞,普通名詞,一般,*,*,*,False,*,*
つい,つく,ツイ,つく,動詞,一般,*,*,五段-カ行,連用形-イ音便,False,*,*
4,4,ヨン,4,名詞,数詞,*,*,*,*,False,*,*
Google Analytics,Google Analytics,グーグルアナリティクス,Google Analytics,名詞,固有名詞,一般,*,*,*,False,*,*
つい,つく,ツイ,つく,動詞,一般,*,*,五段-カ行,連用形-イ音便,False,*,*
5,5,ゴ,5,名詞,数詞,*,*,*,*,False,*,*
ウェブサーバ,ウェブサーバー,ウェブサーバ,ウェブサーバ,名詞,普通名詞,一般,*,*,*,False,ウェブ-サーバ,ウェブ-サーバ
記録,記録,キロク,記録,名詞,普通名詞,サ変可能,*,*,*,False,*,*
6,6,ロク,6,名詞,数詞,*,*,*,*,False,*,*
免責,免責,メンセキ,免責,名詞,普通名詞,サ変可能,*,*,*,False,*,*
事項,事項,ジコウ,事項,名詞,普通名詞,一般,*,*,*,False,*,*
個人情報,個人情報,コジンジョウホウ,個人情報,名詞,普通名詞,一般,*,*,*,False,個人-情報,個人-情報
収集,収集,シュウシュウ,収集,名詞,普通名詞,サ変可能,*,*,*,False,*,*
つい,つく,ツイ,つく,動詞,一般,*,*,五段-カ行,連用形-イ音便,False,*,*
利用者,利用者,リヨウシャ,利用者,名詞,普通名詞,一般,*,*,*,False,*,利用-者
匿名,匿名,トクメイ,匿名,名詞,普通名詞,一般,*,*,*,False,*,*
まま,侭,ママ,まま,名詞,普通名詞,副詞可能,*,*,*,False,*,*
、,、,、,、,補助記号,読点,*,*,*,*,False,*,*
当,当,トウ,当,接頭辞,*,*,*,*,*,False,*,*
サイト,サイト,サイト,サイト,名詞,普通名詞,一般,*,*,*,False,*,*
自由,自由,ジユウ,自由,名詞,普通名詞,形状詞可能,*,*,*,False,*,*
閲覧,閲覧,エツラン,閲覧,名詞,普通名詞,サ変可能,*,*,*,False,*,*
する,為る,スル,する,動詞,非自立可能,*,*,サ行変格,連体形-一般,False,*,*
でき,出来る,デキ,できる,動詞,非自立可能,*,*,上一段-カ行,連用形-一般,False,*,*
。,。,。,。,補助記号,句点,*,*,*,*,False,*,*
お,御,オ,お,接頭辞,*,*,*,*,*,False,*,*
問い合わせ,問い合わせ,トイアワセ,問い合わせ,名詞,普通名詞,サ変可能,*,*,*,False,*,*
、,、,、,、,補助記号,読点,*,*,*,*,False,*,*
場合,場合,バアイ,場合,名詞,普通名詞,副詞可能,*,*,*,False,*,*
よっ,よる,ヨッ,よる,動詞,一般,*,*,五段-ラ行,連用形-促音便,False,*,*
、,、,、,、,補助記号,読点,*,*,*,*,False,*,*
利用者,利用者,リヨウシャ,利用者,名詞,普通名詞,一般,*,*,*,False,*,利用-者
氏名,氏名,シメイ,氏名,名詞,普通名詞,一般,*,*,*,False,*,*
メールアドレス,メールアドレス,メールアドレス,メールアドレス,名詞,普通名詞,一般,*,*,*,False,メール-アドレス,メール-アドレス
個人情報,個人情報,コジンジョウホウ,個人情報,名詞,普通名詞,一般,*,*,*,False,個人-情報,個人-情報
開示,開示,カイジ,開示,名詞,普通名詞,サ変可能,*,*,*,False,*,*
お願い,御願い,オネガイ,お願い,名詞,普通名詞,サ変可能,*,*,*,False,*,お-願い
する,為る,スル,する,動詞,非自立可能,*,*,サ行変格,連体形-一般,False,*,*
あり,有る,アリ,ある,動詞,非自立可能,*,*,五段-ラ行,連用形-一般,False,*,*
。,。,。,。,補助記号,句点,*,*,*,*,False,*,*
しかし,然し,シカシ,しかし,接続詞,*,*,*,*,*,False,*,*
、,、,、,、,補助記号,読点,*,*,*,*,False,*,*
利用者,利用者,リヨウシャ,利用者,名詞,普通名詞,一般,*,*,*,False,*,利用-者
個人情報,個人情報,コジンジョウホウ,個人情報,名詞,普通名詞,一般,*,*,*,False,個人-情報,個人-情報
利用者,利用者,リヨウシャ,利用者,名詞,普通名詞,一般,*,*,*,False,*,利用-者
許可,許可,キョカ,許可,名詞,普通名詞,サ変可能,*,*,*,False,*,*
なく,無い,ナク,ない,形容詞,非自立可能,*,*,形容詞,連用形-一般,False,*,*
、,、,、,、,補助記号,読点,*,*,*,*,False,*,*
当,当,トウ,当,接頭辞,*,*,*,*,*,False,*,*
サイト,サイト,サイト,サイト,名詞,普通名詞,一般,*,*,*,False,*,*
第,第,ダイ,第,接頭辞,*,*,*,*,*,False,*,*
三,3,サン,三,名詞,数詞,*,*,*,*,True,*,*
者,者,シャ,者,接尾辞,名詞的,一般,*,*,*,False,*,*
開示,開示,カイジ,開示,名詞,普通名詞,サ変可能,*,*,*,False,*,*
・,・,・,・,補助記号,一般,*,*,*,*,False,*,*
共有,共有,キョウユウ,共有,名詞,普通名詞,サ変可能,*,*,*,False,*,*
する,為る,スル,する,動詞,非自立可能,*,*,サ行変格,連体形-一般,False,*,*
あり,有る,アリ,ある,動詞,非自立可能,*,*,五段-ラ行,連用形-一般,False,*,*
。,。,。,。,補助記号,句点,*,*,*,*,False,*,*
Google Adsense,Google AdSense,グーグルアドセンス,Google AdSense,名詞,固有名詞,一般,*,*,*,False,*,*
つい,つく,ツイ,つく,動詞,一般,*,*,五段-カ行,連用形-イ音便,False,*,*
当,当,トウ,当,接頭辞,*,*,*,*,*,False,*,*
サイト,サイト,サイト,サイト,名詞,普通名詞,一般,*,*,*,False,*,*
Google,Google,グーグル,Google,名詞,固有名詞,一般,*,*,*,False,*,*
Google,Google,グーグル,Google,名詞,固有名詞,一般,*,*,*,False,*,*
パートナー,パートナー,パートナー,パートナー,名詞,普通名詞,一般,*,*,*,False,*,*
ウェブサイト,ウェブサイト,ウェブサイト,ウェブサイト,名詞,普通名詞,一般,*,*,*,False,*,*
（,(,キゴウ,(,補助記号,括弧開,*,*,*,*,False,*,*
第,第,ダイ,第,接頭辞,*,*,*,*,*,False,*,*
三,3,サン,三,名詞,数詞,*,*,*,*,True,*,*
者,者,シャ,者,接尾辞,名詞的,一般,*,*,*,False,*,*
配信,配信,ハイシン,配信,名詞,普通名詞,サ変可能,*,*,*,False,*,*
事業者,事業者,ジギョウシャ,事業者,名詞,普通名詞,一般,*,*,*,False,*,事業-者
）,),キゴウ,),補助記号,括弧閉,*,*,*,*,False,*,*
提供,提供,テイキョウ,提供,名詞,普通名詞,サ変可能,*,*,*,False,*,*
する,為る,スル,する,動詞,非自立可能,*,*,サ行変格,連体形-一般,False,*,*
広告,広告,コウコク,広告,名詞,普通名詞,サ変可能,*,*,*,False,*,*
設置,設置,セッチ,設置,名詞,普通名詞,サ変可能,*,*,*,False,*,*
し,為る,シ,する,動詞,非自立可能,*,*,サ行変格,連用形-一般,False,*,*
おり,おる,オリ,おる,動詞,非自立可能,*,*,五段-ラ行,連用形-一般,False,*,*
。,。,。,。,補助記号,句点,*,*,*,*,False,*,*
その,其の,ソノ,その,連体詞,*,*,*,*,*,False,*,*
広告,広告,コウコク,広告,名詞,普通名詞,サ変可能,*,*,*,False,*,*
配信,配信,ハイシン,配信,名詞,普通名詞,サ変可能,*,*,*,False,*,*
Cookie,cookie,クッキー,cookie,名詞,普通名詞,一般,*,*,*,False,*,*
使用,使用,シヨウ,使用,名詞,普通名詞,サ変可能,*,*,*,False,*,*
し,為る,シ,する,動詞,非自立可能,*,*,サ行変格,連用形-一般,False,*,*
、,、,、,、,補助記号,読点,*,*,*,*,False,*,*
当,当,トウ,当,接頭辞,*,*,*,*,*,False,*,*
サイト,サイト,サイト,サイト,名詞,普通名詞,一般,*,*,*,False,*,*
含め,含める,フクメ,含める,動詞,一般,*,*,下一段-マ行,連用形-一般,False,*,*
過去,過去,カコ,過去,名詞,普通名詞,副詞可能,*,*,*,False,*,*
アクセス,アクセス,アクセス,アクセス,名詞,普通名詞,サ変可能,*,*,*,False,*,*
情報,情報,ジョウホウ,情報,名詞,普通名詞,一般,*,*,*,False,*,*
基づい,基づく,モトヅイ,基づく,動詞,一般,*,*,五段-カ行,連用形-イ音便,False,*,*
広告,広告,コウコク,広告,名詞,普通名詞,サ変可能,*,*,*,False,*,*
配信,配信,ハイシン,配信,名詞,普通名詞,サ変可能,*,*,*,False,*,*
し,為る,シ,する,動詞,非自立可能,*,*,サ行変格,連用形-一般,False,*,*
。,。,。,。,補助記号,句点,*,*,*,*,False,*,*
DoubleClick,doubleclick,doubleclick,doubleclick,名詞,普通名詞,一般,*,*,*,True,*,*
Cookie,Cookie,クッキー,Cookie,名詞,固有名詞,一般,*,*,*,False,*,*
使用,使用,シヨウ,使用,名詞,普通名詞,サ変可能,*,*,*,False,*,*
する,為る,スル,する,動詞,非自立可能,*,*,サ行変格,連体形-一般,False,*,*
より,よる,ヨリ,よる,動詞,一般,*,*,五段-ラ行,連用形-一般,False,*,*
、,、,、,、,補助記号,読点,*,*,*,*,False,*,*
Google,Google,グーグル,Google,名詞,固有名詞,一般,*,*,*,False,*,*
Google,Google,グーグル,Google,名詞,固有名詞,一般,*,*,*,False,*,*
パートナー,パートナー,パートナー,パートナー,名詞,普通名詞,一般,*,*,*,False,*,*
当,当,トウ,当,接頭辞,*,*,*,*,*,False,*,*
サイト,サイト,サイト,サイト,名詞,普通名詞,一般,*,*,*,False,*,*
他,他,ホカ,他,名詞,普通名詞,副詞可能,*,*,*,False,*,*
サイト,サイト,サイト,サイト,名詞,普通名詞,一般,*,*,*,False,*,*
アクセス,アクセス,アクセス,アクセス,名詞,普通名詞,サ変可能,*,*,*,False,*,*
情報,情報,ジョウホウ,情報,名詞,普通名詞,一般,*,*,*,False,*,*
基づい,基づく,モトヅイ,基づく,動詞,一般,*,*,五段-カ行,連用形-イ音便,False,*,*
、,、,、,、,補助記号,読点,*,*,*,*,False,*,*
適切,適切,テキセツ,適切,形状詞,一般,*,*,*,*,False,*,*
広告,広告,コウコク,広告,名詞,普通名詞,サ変可能,*,*,*,False,*,*
当,当,トウ,当,接頭辞,*,*,*,*,*,False,*,*
サイト,サイト,サイト,サイト,名詞,普通名詞,一般,*,*,*,False,*,*
上,上,ジョウ,上,接尾辞,名詞的,副詞可能,*,*,*,False,*,*
お客様,御客様,オキャクサマ,お客様,名詞,普通名詞,一般,*,*,*,False,*,お-客-様
表示,表示,ヒョウジ,表示,名詞,普通名詞,サ変可能,*,*,*,False,*,*
でき,出来る,デキ,できる,動詞,非自立可能,*,*,上一段-カ行,連用形-一般,False,*,*
。,。,。,。,補助記号,句点,*,*,*,*,False,*,*
お客様,御客様,オキャクサマ,お客様,名詞,普通名詞,一般,*,*,*,False,*,お-客-様
Google,Google,グーグル,Google,名詞,固有名詞,一般,*,*,*,False,*,*
アカウント,アカウント,アカウント,アカウント,名詞,普通名詞,一般,*,*,*,False,*,*
広告,広告,コウコク,広告,名詞,普通名詞,サ変可能,*,*,*,False,*,*
設定,設定,セッテイ,設定,名詞,普通名詞,サ変可能,*,*,*,False,*,*
ページ,ページ,ページ,ページ,名詞,普通名詞,助数詞可能,*,*,*,False,*,*
、,、,、,、,補助記号,読点,*,*,*,*,False,*,*
パーソナライズ,パーソナライズ,パーソナライズ,パーソナライズ,名詞,普通名詞,サ変可能,*,*,*,False,*,*
広告,広告,コウコク,広告,名詞,普通名詞,サ変可能,*,*,*,False,*,*
掲載,掲載,ケイサイ,掲載,名詞,普通名詞,サ変可能,*,*,*,False,*,*
使用,使用,シヨウ,使用,名詞,普通名詞,サ変可能,*,*,*,False,*,*
さ,為る,サ,する,動詞,非自立可能,*,*,サ行変格,未然形-サ,False,*,*
DoubleClick,doubleclick,doubleclick,doubleclick,名詞,普通名詞,一般,*,*,*,True,*,*
Cookie,Cookie,クッキー,Cookie,名詞,固有名詞,一般,*,*,*,False,*,*
無効,無効,ムコウ,無効,名詞,普通名詞,形状詞可能,*,*,*,False,*,*
でき,出来る,デキ,できる,動詞,非自立可能,*,*,上一段-カ行,連用形-一般,False,*,*
。,。,。,。,補助記号,句点,*,*,*,*,False,*,*
また,又,マタ,また,接続詞,*,*,*,*,*,False,*,*
aboutads,aboutads,aboutads,aboutads,名詞,普通名詞,一般,*,*,*,True,*,*
。,。,。,。,補助記号,句点,*,*,*,*,False,*,*
info,インフォ,インフォ,Info,名詞,普通名詞,一般,*,*,*,False,*,*
アクセス,アクセス,アクセス,アクセス,名詞,普通名詞,サ変可能,*,*,*,False,*,*
し,為る,シ,する,動詞,非自立可能,*,*,サ行変格,連用形-一般,False,*,*
いただき,頂く,イタダキ,いただく,動詞,非自立可能,*,*,五段-カ行,連用形-一般,False,*,*
、,、,、,、,補助記号,読点,*,*,*,*,False,*,*
パーソナライズ,パーソナライズ,パーソナライズ,パーソナライズ,名詞,普通名詞,サ変可能,*,*,*,False,*,*
広告,広告,コウコク,広告,名詞,普通名詞,サ変可能,*,*,*,False,*,*
掲載,掲載,ケイサイ,掲載,名詞,普通名詞,サ変可能,*,*,*,False,*,*
使用,使用,シヨウ,使用,名詞,普通名詞,サ変可能,*,*,*,False,*,*
さ,為る,サ,する,動詞,非自立可能,*,*,サ行変格,未然形-サ,False,*,*
第,第,ダイ,第,接頭辞,*,*,*,*,*,False,*,*
三,3,サン,三,名詞,数詞,*,*,*,*,True,*,*
者,者,シャ,者,接尾辞,名詞的,一般,*,*,*,False,*,*
配信,配信,ハイシン,配信,名詞,普通名詞,サ変可能,*,*,*,False,*,*
事業者,事業者,ジギョウシャ,事業者,名詞,普通名詞,一般,*,*,*,False,*,事業-者
Cookie,cookie,クッキー,cookie,名詞,普通名詞,一般,*,*,*,False,*,*
無効,無効,ムコウ,無効,名詞,普通名詞,形状詞可能,*,*,*,False,*,*
でき,出来る,デキ,できる,動詞,非自立可能,*,*,上一段-カ行,連用形-一般,False,*,*
。,。,。,。,補助記号,句点,*,*,*,*,False,*,*
その,其の,ソノ,その,連体詞,*,*,*,*,*,False,*,*
他,他,タ,他,名詞,普通名詞,副詞可能,*,*,*,False,*,*
、,、,、,、,補助記号,読点,*,*,*,*,False,*,*
Google,Google,グーグル,Google,名詞,固有名詞,一般,*,*,*,False,*,*
広告,広告,コウコク,広告,名詞,普通名詞,サ変可能,*,*,*,False,*,*
おけ,おく,オケ,おく,動詞,一般,*,*,文語四段-カ行,命令形,False,*,*
る,り,ル,り,助動詞,*,*,*,文語助動詞-リ,連体形-一般,False,*,*
Cookie,cookie,クッキー,cookie,名詞,普通名詞,一般,*,*,*,False,*,*
取り扱い,取り扱い,トリアツカイ,取り扱い,名詞,普通名詞,一般,*,*,*,False,*,*
つい,つく,ツイ,つく,動詞,一般,*,*,五段-カ行,連用形-イ音便,False,*,*
詳細,詳細,ショウサイ,詳細,名詞,普通名詞,形状詞可能,*,*,*,False,*,*
、,、,、,、,補助記号,読点,*,*,*,*,False,*,*
Google,Google,グーグル,Google,名詞,固有名詞,一般,*,*,*,False,*,*
ポリシー,ポリシー,ポリシー,ポリシー,名詞,普通名詞,一般,*,*,*,False,*,*
規約,規約,キヤク,規約,名詞,普通名詞,一般,*,*,*,False,*,*
ページ,ページ,ページ,ページ,名詞,普通名詞,助数詞可能,*,*,*,False,*,*
ご覧,御覧,ゴラン,ご覧,名詞,普通名詞,一般,*,*,*,False,*,*
ください,下さる,クダサイ,くださる,動詞,非自立可能,*,*,五段-ラ行,命令形,False,*,*
。,。,。,。,補助記号,句点,*,*,*,*,False,*,*
アフィリエイト,アフィリエイト,アフィリエイト,アフィリエイト,名詞,普通名詞,一般,*,*,*,False,*,*
つい,つく,ツイ,つく,動詞,一般,*,*,五段-カ行,連用形-イ音便,False,*,*
Amazonアソシエイト,Amazonアソシエイト,アマゾンアソシエイト,Amazonアソシエイト,名詞,固有名詞,一般,*,*,*,False,Amazon-アソシエイト,Amazon-アソシエイト
各種,各種,カクシュ,各種,名詞,普通名詞,一般,*,*,*,False,*,*
ASP,ASP,エイエスピー,ASP,名詞,固有名詞,一般,*,*,*,False,*,*
より,よる,ヨリ,よる,動詞,一般,*,*,五段-ラ行,連用形-一般,False,*,*
発行,発行,ハッコウ,発行,名詞,普通名詞,サ変可能,*,*,*,False,*,*
さ,為る,サ,する,動詞,非自立可能,*,*,サ行変格,未然形-サ,False,*,*
アフィリエイト,アフィリエイト,アフィリエイト,アフィリエイト,名詞,普通名詞,一般,*,*,*,False,*,*
リンク,リンク,リンク,リンク,名詞,普通名詞,サ変可能,*,*,*,False,*,*
サイト,サイト,サイト,サイト,名詞,普通名詞,一般,*,*,*,False,*,*
内,内,ナイ,内,接尾辞,名詞的,一般,*,*,*,False,*,*
設置,設置,セッチ,設置,名詞,普通名詞,サ変可能,*,*,*,False,*,*
し,為る,シ,する,動詞,非自立可能,*,*,サ行変格,連用形-一般,False,*,*
おり,おる,オリ,おる,動詞,非自立可能,*,*,五段-ラ行,連用形-一般,False,*,*
、,、,、,、,補助記号,読点,*,*,*,*,False,*,*
閲覧者,閲覧者,エツランシャ,閲覧者,名詞,普通名詞,一般,*,*,*,False,*,閲覧-者
当該,当該,トウガイ,当該,名詞,普通名詞,一般,*,*,*,False,*,*
リンク,リンク,リンク,リンク,名詞,普通名詞,サ変可能,*,*,*,False,*,*
通じ,通じる,ツウジ,通ずる,動詞,一般,*,*,サ行変格,連用形-一般,False,*,*
商品,商品,ショウヒン,商品,名詞,普通名詞,一般,*,*,*,False,*,*
購入,購入,コウニュウ,購入,名詞,普通名詞,サ変可能,*,*,*,False,*,*
し,為る,シ,する,動詞,非自立可能,*,*,サ行変格,連用形-一般,False,*,*
場合,場合,バアイ,場合,名詞,普通名詞,副詞可能,*,*,*,False,*,*
、,、,、,、,補助記号,読点,*,*,*,*,False,*,*
サイト,サイト,サイト,サイト,名詞,普通名詞,一般,*,*,*,False,*,*
運営,運営,ウンエイ,運営,名詞,普通名詞,サ変可能,*,*,*,False,*,*
者,者,シャ,者,接尾辞,名詞的,一般,*,*,*,False,*,*
報酬,報酬,ホウシュウ,報酬,名詞,普通名詞,一般,*,*,*,False,*,*
発生,発生,ハッセイ,発生,名詞,普通名詞,サ変可能,*,*,*,False,*,*
する,為る,スル,する,動詞,非自立可能,*,*,サ行変格,連体形-一般,False,*,*
あり,有る,アリ,ある,動詞,非自立可能,*,*,五段-ラ行,連用形-一般,False,*,*
。,。,。,。,補助記号,句点,*,*,*,*,False,*,*
また,又,マタ,また,接続詞,*,*,*,*,*,False,*,*
、,、,、,、,補助記号,読点,*,*,*,*,False,*,*
個人情報,個人情報,コジンジョウホウ,個人情報,名詞,普通名詞,一般,*,*,*,False,個人-情報,個人-情報
除く,除く,ノゾク,除く,動詞,一般,*,*,五段-カ行,連体形-一般,False,*,*
購買,購買,コウバイ,購買,名詞,普通名詞,サ変可能,*,*,*,False,*,*
データ,データ,データ,データ,名詞,普通名詞,一般,*,*,*,False,*,*
（,(,キゴウ,(,補助記号,括弧開,*,*,*,*,False,*,*
商品,商品,ショウヒン,商品,名詞,普通名詞,一般,*,*,*,False,*,*
程度,程度,テイド,程度,名詞,普通名詞,一般,*,*,*,False,*,*
売れ,売れる,ウレ,売れる,動詞,一般,*,*,下一段-ラ行,連用形-一般,False,*,*
）,),キゴウ,),補助記号,括弧閉,*,*,*,*,False,*,*
記事,記事,キジ,記事,名詞,普通名詞,一般,*,*,*,False,*,*
内,内,ナイ,内,接尾辞,名詞的,一般,*,*,*,False,*,*
紹介,紹介,ショウカイ,紹介,名詞,普通名詞,サ変可能,*,*,*,False,*,*
さ,為る,サ,する,動詞,非自立可能,*,*,サ行変格,未然形-サ,False,*,*
頂く,頂く,イタダク,頂く,動詞,非自立可能,*,*,五段-カ行,連体形-一般,False,*,*
あり,有る,アリ,ある,動詞,非自立可能,*,*,五段-ラ行,連用形-一般,False,*,*
。,。,。,。,補助記号,句点,*,*,*,*,False,*,*
Google Analytics,Google Analytics,グーグルアナリティクス,Google Analytics,名詞,固有名詞,一般,*,*,*,False,*,*
つい,つく,ツイ,つく,動詞,一般,*,*,五段-カ行,連用形-イ音便,False,*,*
サービス,サービス,サービス,サービス,名詞,普通名詞,サ変可能,*,*,*,False,*,*
向上,向上,コウジョウ,向上,名詞,普通名詞,サ変可能,*,*,*,False,*,*
目的,目的,モクテキ,目的,名詞,普通名詞,一般,*,*,*,False,*,*
し,為る,シ,する,動詞,非自立可能,*,*,サ行変格,連用形-一般,False,*,*
、,、,、,、,補助記号,読点,*,*,*,*,False,*,*
Google Analytics,Google Analytics,グーグルアナリティクス,Google Analytics,名詞,固有名詞,一般,*,*,*,False,*,*
用い,用いる,モチイ,用いる,動詞,一般,*,*,上一段-ア行,連用形-一般,False,*,*
本,本,ホン,本,接頭辞,*,*,*,*,*,False,*,*
サイト,サイト,サイト,サイト,名詞,普通名詞,一般,*,*,*,False,*,*
アクセス,アクセス,アクセス,アクセス,名詞,普通名詞,サ変可能,*,*,*,False,*,*
情報,情報,ジョウホウ,情報,名詞,普通名詞,一般,*,*,*,False,*,*
計測,計測,ケイソク,計測,名詞,普通名詞,サ変可能,*,*,*,False,*,*
し,為る,シ,する,動詞,非自立可能,*,*,サ行変格,連用形-一般,False,*,*
い,居る,イ,いる,動詞,非自立可能,*,*,上一段-ア行,連用形-一般,False,*,*
。,。,。,。,補助記号,句点,*,*,*,*,False,*,*
Google Analytics,Google Analytics,グーグルアナリティクス,Google Analytics,名詞,固有名詞,一般,*,*,*,False,*,*
提供,提供,テイキョウ,提供,名詞,普通名詞,サ変可能,*,*,*,False,*,*
さ,為る,サ,する,動詞,非自立可能,*,*,サ行変格,未然形-サ,False,*,*
Cookie,cookie,クッキー,cookie,名詞,普通名詞,一般,*,*,*,False,*,*
使用,使用,シヨウ,使用,名詞,普通名詞,サ変可能,*,*,*,False,*,*
し,為る,シ,する,動詞,非自立可能,*,*,サ行変格,連用形-一般,False,*,*
おり,おる,オリ,おる,動詞,非自立可能,*,*,五段-ラ行,連用形-一般,False,*,*
、,、,、,、,補助記号,読点,*,*,*,*,False,*,*
IPアドレス,IPアドレス,アイピーアドレス,IPアドレス,名詞,普通名詞,一般,*,*,*,False,IP-アドレス,IP-アドレス
等,等,トウ,等,接尾辞,名詞的,一般,*,*,*,False,*,*
一部,一部,イチブ,一部,名詞,普通名詞,副詞可能,*,*,*,False,*,*
情報,情報,ジョウホウ,情報,名詞,普通名詞,一般,*,*,*,False,*,*
Gogole,gogole,gogole,gogole,名詞,普通名詞,一般,*,*,*,True,*,*
収集,収集,シュウシュウ,収集,名詞,普通名詞,サ変可能,*,*,*,False,*,*
さ,為る,サ,する,動詞,非自立可能,*,*,サ行変格,未然形-サ,False,*,*
可能性,可能性,カノウセイ,可能性,名詞,普通名詞,一般,*,*,*,False,*,可能-性
あり,有る,アリ,ある,動詞,非自立可能,*,*,五段-ラ行,連用形-一般,False,*,*
。,。,。,。,補助記号,句点,*,*,*,*,False,*,*
この,此の,コノ,この,連体詞,*,*,*,*,*,False,*,*
情報,情報,ジョウホウ,情報,名詞,普通名詞,一般,*,*,*,False,*,*
サイト,サイト,サイト,サイト,名詞,普通名詞,一般,*,*,*,False,*,*
利用状況,利用状況,リヨウジョウキョウ,利用状況,名詞,普通名詞,一般,*,*,*,False,利用-状況,利用-状況
分析,分析,ブンセキ,分析,名詞,普通名詞,サ変可能,*,*,*,False,*,*
使用,使用,シヨウ,使用,名詞,普通名詞,サ変可能,*,*,*,False,*,*
さ,為る,サ,する,動詞,非自立可能,*,*,サ行変格,未然形-サ,False,*,*
。,。,。,。,補助記号,句点,*,*,*,*,False,*,*
弊,弊,ヘイ,弊,名詞,普通名詞,一般,*,*,*,False,*,*
媒体,媒体,バイタイ,媒体,名詞,普通名詞,一般,*,*,*,False,*,*
Google Analytics,Google Analytics,グーグルアナリティクス,Google Analytics,名詞,固有名詞,一般,*,*,*,False,*,*
よっ,よる,ヨッ,よる,動詞,一般,*,*,五段-ラ行,連用形-促音便,False,*,*
個人情報,個人情報,コジンジョウホウ,個人情報,名詞,普通名詞,一般,*,*,*,False,個人-情報,個人-情報
特定,特定,トクテイ,特定,名詞,普通名詞,サ変可能,*,*,*,False,*,*
する,為る,スル,する,動詞,非自立可能,*,*,サ行変格,連体形-一般,False,*,*
情報,情報,ジョウホウ,情報,名詞,普通名詞,一般,*,*,*,False,*,*
取得,取得,シュトク,取得,名詞,普通名詞,サ変可能,*,*,*,False,*,*
し,為る,シ,する,動詞,非自立可能,*,*,サ行変格,連用形-一般,False,*,*
い,居る,イ,いる,動詞,非自立可能,*,*,上一段-ア行,連用形-一般,False,*,*
。,。,。,。,補助記号,句点,*,*,*,*,False,*,*
Google Analytics,Google Analytics,グーグルアナリティクス,Google Analytics,名詞,固有名詞,一般,*,*,*,False,*,*
利用規約,利用規約,リヨウキヤク,利用規約,名詞,普通名詞,一般,*,*,*,False,利用-規約,利用-規約
ウェブサーバ,ウェブサーバー,ウェブサーバ,ウェブサーバ,名詞,普通名詞,一般,*,*,*,False,ウェブ-サーバ,ウェブ-サーバ
記録,記録,キロク,記録,名詞,普通名詞,サ変可能,*,*,*,False,*,*
当,当,トウ,当,接頭辞,*,*,*,*,*,False,*,*
サイト,サイト,サイト,サイト,名詞,普通名詞,一般,*,*,*,False,*,*
ウェブサーバ,ウェブサーバー,ウェブサーバ,ウェブサーバ,名詞,普通名詞,一般,*,*,*,False,ウェブ-サーバ,ウェブ-サーバ
、,、,、,、,補助記号,読点,*,*,*,*,False,*,*
利用者,利用者,リヨウシャ,利用者,名詞,普通名詞,一般,*,*,*,False,*,利用-者
コンピュータ,コンピューター,コンピュータ,コンピュータ,名詞,普通名詞,一般,*,*,*,False,*,*
IPアドレス,IPアドレス,アイピーアドレス,IPアドレス,名詞,普通名詞,一般,*,*,*,False,IP-アドレス,IP-アドレス
自動的,自動的,ジドウテキ,自動的,名詞,普通名詞,形状詞可能,*,*,*,False,*,自動-的
収集,収集,シュウシュウ,収集,名詞,普通名詞,サ変可能,*,*,*,False,*,*
・,・,・,・,補助記号,一般,*,*,*,*,False,*,*
記録,記録,キロク,記録,名詞,普通名詞,サ変可能,*,*,*,False,*,*
し,為る,シ,する,動詞,非自立可能,*,*,サ行変格,連用形-一般,False,*,*
、,、,、,、,補助記号,読点,*,*,*,*,False,*,*
これ,此れ,コレ,これ,代名詞,*,*,*,*,*,False,*,*
ら,等,ラ,ら,接尾辞,名詞的,一般,*,*,*,False,*,*
利用者,利用者,リヨウシャ,利用者,名詞,普通名詞,一般,*,*,*,False,*,利用-者
個人,個人,コジン,個人,名詞,普通名詞,一般,*,*,*,False,*,*
特定,特定,トクテイ,特定,名詞,普通名詞,サ変可能,*,*,*,False,*,*
する,為る,スル,する,動詞,非自立可能,*,*,サ行変格,連体形-一般,False,*,*
もの,物,モノ,もの,名詞,普通名詞,サ変可能,*,*,*,False,*,*
あり,有る,アリ,ある,動詞,非自立可能,*,*,五段-ラ行,連用形-一般,False,*,*
。,。,。,。,補助記号,句点,*,*,*,*,False,*,*
利用者,利用者,リヨウシャ,利用者,名詞,普通名詞,一般,*,*,*,False,*,利用-者
自ら,自ら,ミズカラ,自ら,名詞,普通名詞,副詞可能,*,*,*,False,*,*
個人情報,個人情報,コジンジョウホウ,個人情報,名詞,普通名詞,一般,*,*,*,False,個人-情報,個人-情報
開示,開示,カイジ,開示,名詞,普通名詞,サ変可能,*,*,*,False,*,*
し,為る,シ,する,動詞,非自立可能,*,*,サ行変格,未然形-一般,False,*,*
限り,限り,カギリ,限り,名詞,普通名詞,副詞可能,*,*,*,False,*,*
、,、,、,、,補助記号,読点,*,*,*,*,False,*,*
利用者,利用者,リヨウシャ,利用者,名詞,普通名詞,一般,*,*,*,False,*,利用-者
匿名,匿名,トクメイ,匿名,名詞,普通名詞,一般,*,*,*,False,*,*
まま,侭,ママ,まま,名詞,普通名詞,副詞可能,*,*,*,False,*,*
、,、,、,、,補助記号,読点,*,*,*,*,False,*,*
当,当,トウ,当,接頭辞,*,*,*,*,*,False,*,*
サイト,サイト,サイト,サイト,名詞,普通名詞,一般,*,*,*,False,*,*
自由,自由,ジユウ,自由,名詞,普通名詞,形状詞可能,*,*,*,False,*,*
閲覧,閲覧,エツラン,閲覧,名詞,普通名詞,サ変可能,*,*,*,False,*,*
する,為る,スル,する,動詞,非自立可能,*,*,サ行変格,連体形-一般,False,*,*
でき,出来る,デキ,できる,動詞,非自立可能,*,*,上一段-カ行,連用形-一般,False,*,*
。,。,。,。,補助記号,句点,*,*,*,*,False,*,*
免責,免責,メンセキ,免責,名詞,普通名詞,サ変可能,*,*,*,False,*,*
事項,事項,ジコウ,事項,名詞,普通名詞,一般,*,*,*,False,*,*
利用者,利用者,リヨウシャ,利用者,名詞,普通名詞,一般,*,*,*,False,*,利用-者
、,、,、,、,補助記号,読点,*,*,*,*,False,*,*
当,当,トウ,当,接頭辞,*,*,*,*,*,False,*,*
サイト,サイト,サイト,サイト,名詞,普通名詞,一般,*,*,*,False,*,*
閲覧,閲覧,エツラン,閲覧,名詞,普通名詞,サ変可能,*,*,*,False,*,*
し,為る,シ,する,動詞,非自立可能,*,*,サ行変格,連用形-一般,False,*,*
、,、,、,、,補助記号,読点,*,*,*,*,False,*,*
その,其の,ソノ,その,連体詞,*,*,*,*,*,False,*,*
内容,内容,ナイヨウ,内容,名詞,普通名詞,一般,*,*,*,False,*,*
参照,参照,サンショウ,参照,名詞,普通名詞,サ変可能,*,*,*,False,*,*
し,為る,シ,する,動詞,非自立可能,*,*,サ行変格,連用形-一般,False,*,*
よっ,よる,ヨッ,よる,動詞,一般,*,*,五段-ラ行,連用形-促音便,False,*,*
かしら,かしら,カシラ,かしら,助詞,副助詞,*,*,*,*,False,*,*
損害,損害,ソンガイ,損害,名詞,普通名詞,一般,*,*,*,False,*,*
被っ,被る,カブッ,被る,動詞,一般,*,*,五段-ラ行,連用形-促音便,False,*,*
場合,場合,バアイ,場合,名詞,普通名詞,副詞可能,*,*,*,False,*,*
、,、,、,、,補助記号,読点,*,*,*,*,False,*,*
当,当,トウ,当,接頭辞,*,*,*,*,*,False,*,*
サイト,サイト,サイト,サイト,名詞,普通名詞,一般,*,*,*,False,*,*
管理者,管理者,カンリシャ,管理者,名詞,普通名詞,一般,*,*,*,False,*,管理-者
責任,責任,セキニン,責任,名詞,普通名詞,一般,*,*,*,False,*,*
負い,負う,オイ,負う,動詞,一般,*,*,五段-ワア行,連用形-一般,False,*,*
。,。,。,。,補助記号,句点,*,*,*,*,False,*,*
また,又,マタ,また,接続詞,*,*,*,*,*,False,*,*
、,、,、,、,補助記号,読点,*,*,*,*,False,*,*
当,当,トウ,当,接頭辞,*,*,*,*,*,False,*,*
サイト,サイト,サイト,サイト,名詞,普通名詞,一般,*,*,*,False,*,*
リンク,リンク,リンク,リンク,名詞,普通名詞,サ変可能,*,*,*,False,*,*
さ,為る,サ,する,動詞,非自立可能,*,*,サ行変格,未然形-サ,False,*,*
、,、,、,、,補助記号,読点,*,*,*,*,False,*,*
当,当,トウ,当,接頭辞,*,*,*,*,*,False,*,*
サイト,サイト,サイト,サイト,名詞,普通名詞,一般,*,*,*,False,*,*
以外,以外,イガイ,以外,名詞,普通名詞,副詞可能,*,*,*,False,*,*
ウェブサイト,ウェブサイト,ウェブサイト,ウェブサイト,名詞,普通名詞,一般,*,*,*,False,*,*
内容,内容,ナイヨウ,内容,名詞,普通名詞,一般,*,*,*,False,*,*
サービス,サービス,サービス,サービス,名詞,普通名詞,サ変可能,*,*,*,False,*,*
関し,関する,カンシ,関する,動詞,一般,*,*,サ行変格,連用形-一般,False,*,*
、,、,、,、,補助記号,読点,*,*,*,*,False,*,*
当,当,トウ,当,接頭辞,*,*,*,*,*,False,*,*
サイト,サイト,サイト,サイト,名詞,普通名詞,一般,*,*,*,False,*,*
個人情報,個人情報,コジンジョウホウ,個人情報,名詞,普通名詞,一般,*,*,*,False,個人-情報,個人-情報
保護,保護,ホゴ,保護,名詞,普通名詞,サ変可能,*,*,*,False,*,*
つい,つく,ツイ,つく,動詞,一般,*,*,五段-カ行,連用形-イ音便,False,*,*
諸,諸,ショ,諸,接頭辞,*,*,*,*,*,False,*,*
条件,条件,ジョウケン,条件,名詞,普通名詞,一般,*,*,*,False,*,*
適用,適用,テキヨウ,適用,名詞,普通名詞,サ変可能,*,*,*,False,*,*
さ,為る,サ,する,動詞,非自立可能,*,*,サ行変格,未然形-サ,False,*,*
。,。,。,。,補助記号,句点,*,*,*,*,False,*,*
当,当,トウ,当,接頭辞,*,*,*,*,*,False,*,*
サイト,サイト,サイト,サイト,名詞,普通名詞,一般,*,*,*,False,*,*
以外,以外,イガイ,以外,名詞,普通名詞,副詞可能,*,*,*,False,*,*
ウェブサイト,ウェブサイト,ウェブサイト,ウェブサイト,名詞,普通名詞,一般,*,*,*,False,*,*
内容,内容,ナイヨウ,内容,名詞,普通名詞,一般,*,*,*,False,*,*
、,、,、,、,補助記号,読点,*,*,*,*,False,*,*
個人情報,個人情報,コジンジョウホウ,個人情報,名詞,普通名詞,一般,*,*,*,False,個人-情報,個人-情報
保護,保護,ホゴ,保護,名詞,普通名詞,サ変可能,*,*,*,False,*,*
関し,関する,カンシ,関する,動詞,一般,*,*,サ行変格,連用形-一般,False,*,*
、,、,、,、,補助記号,読点,*,*,*,*,False,*,*
当,当,トウ,当,接頭辞,*,*,*,*,*,False,*,*
サイト,サイト,サイト,サイト,名詞,普通名詞,一般,*,*,*,False,*,*
管理者,管理者,カンリシャ,管理者,名詞,普通名詞,一般,*,*,*,False,*,管理-者
責任,責任,セキニン,責任,名詞,普通名詞,一般,*,*,*,False,*,*
負い,負う,オイ,負う,動詞,一般,*,*,五段-ワア行,連用形-一般,False,*,*
。,。,。,。,補助記号,句点,*,*,*,*,False,*,*
13,13,イチサン,13,名詞,数詞,*,*,*,*,True,*,*
、,、,、,、,補助記号,読点,*,*,*,*,False,*,*
503,503,ゴレイサン,503,名詞,数詞,*,*,*,*,True,*,*
Likes,likes,likes,likes,名詞,普通名詞,一般,*,*,*,True,*,*
79,79,ナナキュウ,79,名詞,数詞,*,*,*,*,True,*,*
、,、,、,、,補助記号,読点,*,*,*,*,False,*,*
381,381,サンハチイチ,381,名詞,数詞,*,*,*,*,True,*,*
Followers,followers,followers,followers,名詞,普通名詞,一般,*,*,*,True,*,*
feedly,feedly,フィードリー,feedly,名詞,固有名詞,一般,*,*,*,False,*,*
購読,購読,コウドク,購読,名詞,普通名詞,サ変可能,*,*,*,False,*,*
する,為る,スル,する,動詞,非自立可能,*,*,サ行変格,終止形-一般,False,*,*
RSS,RSS,アールエスエス,RSS,名詞,普通名詞,一般,*,*,*,False,*,*
購読,購読,コウドク,購読,名詞,普通名詞,サ変可能,*,*,*,False,*,*
する,為る,スル,する,動詞,非自立可能,*,*,サ行変格,終止形-一般,False,*,*
YouTube,YouTube,ユーチューブ,YouTube,名詞,固有名詞,一般,*,*,*,False,*,*
すま,すま,スマ,すま,名詞,固有名詞,人名,名,*,*,False,*,*
ほん,本,ホン,ほん,接尾辞,名詞的,助数詞,*,*,*,False,*,*
TV,TV,ティーブイ,TV,名詞,普通名詞,一般,*,*,*,False,*,*
Google,Google,グーグル,Google,名詞,固有名詞,一般,*,*,*,False,*,*
ニュース,ニュース,ニュース,ニュース,名詞,普通名詞,一般,*,*,*,False,*,*
購読,購読,コウドク,購読,名詞,普通名詞,サ変可能,*,*,*,False,*,*
すま,すま,スマ,すま,名詞,固有名詞,人名,名,*,*,False,*,*
ほん,本,ホン,ほん,接尾辞,名詞的,助数詞,*,*,*,False,*,*
!,!,!,!,補助記号,句点,*,*,*,*,False,*,*
!,!,!,!,補助記号,句点,*,*,*,*,False,*,*
人気,人気,ニンキ,人気,名詞,普通名詞,一般,*,*,*,False,*,*
記事,記事,キジ,記事,名詞,普通名詞,一般,*,*,*,False,*,*
ちょっと,一寸,チョット,ちょっと,副詞,*,*,*,*,*,False,*,*
攻め,攻める,セメ,攻める,動詞,一般,*,*,下一段-マ行,連用形-一般,False,*,*
価格,価格,カカク,価格,名詞,普通名詞,一般,*,*,*,False,*,*
。,。,。,。,補助記号,句点,*,*,*,*,False,*,*
UQ mobile,UQ mobile,ユーキューモバイル,UQ mobile,名詞,固有名詞,一般,*,*,*,False,*,*
Google Pixel,Google Pixel,グーグルピクセル,Google Pixel,名詞,固有名詞,一般,*,*,*,False,*,*
8,8,ハチ,8,名詞,数詞,*,*,*,*,False,*,*
発売,発売,ハツバイ,発売,名詞,普通名詞,サ変可能,*,*,*,False,*,*
2024,2024,ニレイニヨン,2024,名詞,数詞,*,*,*,*,True,*,*
/,/,キゴウ,/,補助記号,一般,*,*,*,*,False,*,*
06,06,レイロク,06,名詞,数詞,*,*,*,*,True,*,*
/,/,キゴウ,/,補助記号,一般,*,*,*,*,False,*,*
27,27,ニナナ,27,名詞,数詞,*,*,*,*,True,*,*
21,21,ニイチ,21,名詞,数詞,*,*,*,*,True,*,*
:,:,キゴウ,:,補助記号,一般,*,*,*,*,False,*,*
34,34,サンヨン,34,名詞,数詞,*,*,*,*,True,*,*
會原,會原,アイハラ,會原,名詞,固有名詞,人名,姓,*,*,False,*,*
Google Pixel,Google Pixel,グーグルピクセル,Google Pixel,名詞,固有名詞,一般,*,*,*,False,*,*
8,8,ハチ,8,名詞,数詞,*,*,*,*,False,*,*
UQ Mobile,UQ mobile,ユーキューモバイル,UQ mobile,名詞,固有名詞,一般,*,*,*,False,*,*
KDDI,KDDI,ケーディーディーアイ,KDDI,名詞,固有名詞,一般,*,*,*,False,*,*
6,6,ロク,6,名詞,数詞,*,*,*,*,False,*,*
月,月,ガツ,月,名詞,普通名詞,助数詞可能,*,*,*,False,*,*
21,21,ニイチ,21,名詞,数詞,*,*,*,*,True,*,*
日,日,ニチ,日,名詞,普通名詞,助数詞可能,*,*,*,False,*,*
、,、,、,、,補助記号,読点,*,*,*,*,False,*,*
UQ mobile,UQ mobile,ユーキューモバイル,UQ mobile,名詞,固有名詞,一般,*,*,*,False,*,*
Google Pixel,Google Pixel,グーグルピクセル,Google Pixel,名詞,固有名詞,一般,*,*,*,False,*,*
8,8,ハチ,8,名詞,数詞,*,*,*,*,False,*,*
発売,発売,ハツバイ,発売,名詞,普通名詞,サ変可能,*,*,*,False,*,*
し,為る,シ,する,動詞,非自立可能,*,*,サ行変格,連用形-一般,False,*,*
。,。,。,。,補助記号,句点,*,*,*,*,False,*,*
端末,端末,タンマツ,端末,名詞,普通名詞,一般,*,*,*,False,*,*
価格,価格,カカク,価格,名詞,普通名詞,一般,*,*,*,False,*,*
7万4000,74000,ナナマンヨンレイレイレイ,7万4000,名詞,数詞,*,*,*,*,True,*,*
円,円,エン,円,名詞,普通名詞,助数詞可能,*,*,*,False,*,*
なっ,成る,ナッ,なる,動詞,非自立可能,*,*,五段-ラ行,連用形-促音便,False,*,*
い,居る,イ,いる,動詞,非自立可能,*,*,上一段-ア行,連用形-一般,False,*,*
。,。,。,。,補助記号,句点,*,*,*,*,False,*,*
直販,直販,チョクハン,直販,名詞,普通名詞,サ変可能,*,*,*,False,*,*
1万,10000,イチマン,1万,名詞,数詞,*,*,*,*,True,*,*
円,円,エン,円,名詞,普通名詞,助数詞可能,*,*,*,False,*,*
安い,安い,ヤスイ,安い,形容詞,一般,*,*,形容詞,終止形-一般,False,*,*
。,。,。,。,補助記号,句点,*,*,*,*,False,*,*
コミコミ,コミコミ,コミコミ,コミコミ,名詞,普通名詞,一般,*,*,*,True,*,*
/,/,キゴウ,/,補助記号,一般,*,*,*,*,False,*,*
トクトクプラン,トクトクプラン,トクトクプラン,トクトクプラン,名詞,普通名詞,一般,*,*,*,True,*,*
＋,+,キゴウ,+,補助記号,一般,*,*,*,*,False,*,*
増量,増量,ゾウリョウ,増量,名詞,普通名詞,サ変可能,*,*,*,False,*,*
オプション,オプション,オプション,オプション,名詞,普通名詞,一般,*,*,*,False,*,*
II,ii,ii,ii,名詞,普通名詞,一般,*,*,*,True,*,*
加入,加入,カニュウ,加入,名詞,普通名詞,サ変可能,*,*,*,False,*,*
あり,有る,アリ,ある,動詞,非自立可能,*,*,五段-ラ行,連用形-一般,False,*,*
、,、,、,、,補助記号,読点,*,*,*,*,False,*,*
新規,新規,シンキ,新規,形状詞,一般,*,*,*,*,False,*,*
6万3000,63000,ロクマンサンレイレイレイ,6万3000,名詞,数詞,*,*,*,*,True,*,*
円,円,エン,円,名詞,普通名詞,助数詞可能,*,*,*,False,*,*
、,、,、,、,補助記号,読点,*,*,*,*,False,*,*
MNP,MNP,エムエヌピー,MNP,名詞,固有名詞,一般,*,*,*,False,*,*
5万2000,52000,ゴマンニレイレイレイ,5万2000,名詞,数詞,*,*,*,*,True,*,*
円,円,エン,円,名詞,普通名詞,助数詞可能,*,*,*,False,*,*
なっ,成る,ナッ,なる,動詞,非自立可能,*,*,五段-ラ行,連用形-促音便,False,*,*
い,居る,イ,いる,動詞,非自立可能,*,*,上一段-ア行,連用形-一般,False,*,*
。,。,。,。,補助記号,句点,*,*,*,*,False,*,*
ちょっと,一寸,チョット,ちょっと,副詞,*,*,*,*,*,False,*,*
攻め,攻める,セメ,攻める,動詞,一般,*,*,下一段-マ行,連用形-一般,False,*,*
価格,価格,カカク,価格,名詞,普通名詞,一般,*,*,*,False,*,*
ね,ね,ネ,ね,助詞,終助詞,*,*,*,*,False,*,*
。,。,。,。,補助記号,句点,*,*,*,*,False,*,*
Google Pixel,Google Pixel,グーグルピクセル,Google Pixel,名詞,固有名詞,一般,*,*,*,False,*,*
8,8,ハチ,8,名詞,数詞,*,*,*,*,False,*,*
コンパクト,コンパクト,コンパクト,コンパクト,名詞,普通名詞,形状詞可能,*,*,*,False,*,*
軽く,軽い,カルク,軽い,形容詞,一般,*,*,形容詞,連用形-一般,False,*,*
、,、,、,、,補助記号,読点,*,*,*,*,False,*,*
持ち,持つ,モチ,持つ,動詞,一般,*,*,五段-タ行,連用形-一般,False,*,*
やすい,易い,ヤスイ,やすい,接尾辞,形容詞的,*,*,形容詞,連体形-一般,False,*,*
デザイン,デザイン,デザイン,デザイン,名詞,普通名詞,サ変可能,*,*,*,False,*,*
。,。,。,。,補助記号,句点,*,*,*,*,False,*,*
AI,AI,エーアイ,AI,名詞,普通名詞,一般,*,*,*,False,*,*
活用,活用,カツヨウ,活用,名詞,普通名詞,サ変可能,*,*,*,False,*,*
し,為る,シ,する,動詞,非自立可能,*,*,サ行変格,連用形-一般,False,*,*
編集,編集,ヘンシュウ,編集,名詞,普通名詞,サ変可能,*,*,*,False,*,*
マジック,マジック,マジック,マジック,名詞,普通名詞,一般,*,*,*,False,*,*
強化,強化,キョウカ,強化,名詞,普通名詞,サ変可能,*,*,*,False,*,*
。,。,。,。,補助記号,句点,*,*,*,*,False,*,*
。,。,。,。,補助記号,句点,*,*,*,*,False,*,*
。,。,。,。,補助記号,句点,*,*,*,*,False,*,*
【,【,キゴウ,【,補助記号,括弧開,*,*,*,*,False,*,*
悲報,悲報,ヒホウ,悲報,名詞,普通名詞,一般,*,*,*,False,*,*
】,】,キゴウ,】,補助記号,括弧閉,*,*,*,*,False,*,*
Windows,Windows,ウィンドウズ,Windows,名詞,固有名詞,一般,*,*,*,False,*,*
AI,AI,エーアイ,AI,名詞,普通名詞,一般,*,*,*,False,*,*
アシスタント,アシスタント,アシスタント,アシスタント,名詞,普通名詞,一般,*,*,*,False,*,*
「,「,キゴウ,「,補助記号,括弧開,*,*,*,*,False,*,*
Copilot,Copilot,コパイロット,Copilot,名詞,固有名詞,一般,*,*,*,False,*,*
」,」,キゴウ,」,補助記号,括弧閉,*,*,*,*,False,*,*
、,、,、,、,補助記号,読点,*,*,*,*,False,*,*
機能,機能,キノウ,機能,名詞,普通名詞,サ変可能,*,*,*,False,*,*
大幅,大幅,オオハバ,大幅,形状詞,一般,*,*,*,*,False,*,*
劣化,劣化,レッカ,劣化,名詞,普通名詞,サ変可能,*,*,*,False,*,*
。,。,。,。,補助記号,句点,*,*,*,*,False,*,*
ただ,只,タダ,ただ,名詞,普通名詞,一般,*,*,*,False,*,*
チャットボット,チャットボット,チャットボット,チャットボット,名詞,普通名詞,一般,*,*,*,False,*,*
2024,2024,ニレイニヨン,2024,名詞,数詞,*,*,*,*,True,*,*
/,/,キゴウ,/,補助記号,一般,*,*,*,*,False,*,*
06,06,レイロク,06,名詞,数詞,*,*,*,*,True,*,*
/,/,キゴウ,/,補助記号,一般,*,*,*,*,False,*,*
28,28,ニハチ,28,名詞,数詞,*,*,*,*,True,*,*
22,22,ニニ,22,名詞,数詞,*,*,*,*,True,*,*
:,:,キゴウ,:,補助記号,一般,*,*,*,*,False,*,*
46,46,ヨンロク,46,名詞,数詞,*,*,*,*,True,*,*
ryoppi,ryoppi,ryoppi,ryoppi,名詞,普通名詞,一般,*,*,*,True,*,*
913,913,キュウイチサン,913,名詞,数詞,*,*,*,*,True,*,*
Copilot,Copilot,コパイロット,Copilot,名詞,固有名詞,一般,*,*,*,False,*,*
in,in,イン,In,名詞,普通名詞,一般,*,*,*,False,*,*
Windows,Windows,ウィンドウズ,Windows,名詞,固有名詞,一般,*,*,*,False,*,*
Microsoft Windows,Microsoft Windows,マイクロソフトウィンドウズ,Microsoft Windows,名詞,固有名詞,一般,*,*,*,False,*,*
「,「,キゴウ,「,補助記号,括弧開,*,*,*,*,False,*,*
お前,御前,オマエ,お前,代名詞,*,*,*,*,*,False,*,*
消す,消す,ケス,消す,動詞,一般,*,*,五段-サ行,連体形-一般,False,*,*
方法,方法,ホウホウ,方法,名詞,普通名詞,一般,*,*,*,False,*,*
」,」,キゴウ,」,補助記号,括弧閉,*,*,*,*,False,*,*
カイル,カイル,カイル,カイル,名詞,普通名詞,一般,*,*,*,False,*,*
君,君,クン,君,接尾辞,名詞的,一般,*,*,*,False,*,*
、,、,、,、,補助記号,読点,*,*,*,*,False,*,*
Cortana,Cortana,コルタナ,Cortana,名詞,固有名詞,一般,*,*,*,False,*,*
さん,さん,サン,さん,接尾辞,名詞的,一般,*,*,*,False,*,*
、,、,、,、,補助記号,読点,*,*,*,*,False,*,*
後輩,後輩,コウハイ,後輩,名詞,普通名詞,一般,*,*,*,False,*,*
そっち,其方,ソッチ,そっち,代名詞,*,*,*,*,*,False,*,*
行く,行く,イク,行く,動詞,非自立可能,*,*,五段-カ行,終止形-一般,False,*,*
。,。,。,。,補助記号,句点,*,*,*,*,False,*,*
Microsoft,Microsoft,マイクロソフト,Microsoft,名詞,固有名詞,一般,*,*,*,False,*,*
、,、,、,、,補助記号,読点,*,*,*,*,False,*,*
昨年,昨年,サクネン,昨年,名詞,普通名詞,副詞可能,*,*,*,False,*,*
11,11,イチイチ,11,名詞,数詞,*,*,*,*,True,*,*
月,月,ガツ,月,名詞,普通名詞,助数詞可能,*,*,*,False,*,*
リリース,リリース,リリース,リリース,名詞,普通名詞,サ変可能,*,*,*,False,*,*
し,為る,シ,する,動詞,非自立可能,*,*,サ行変格,連用形-一般,False,*,*
「,「,キゴウ,「,補助記号,括弧開,*,*,*,*,False,*,*
Copilot,Copilot,コパイロット,Copilot,名詞,固有名詞,一般,*,*,*,False,*,*
in,in,イン,In,名詞,普通名詞,一般,*,*,*,False,*,*
Windows,Windows,ウィンドウズ,Windows,名詞,固有名詞,一般,*,*,*,False,*,*
」,」,キゴウ,」,補助記号,括弧閉,*,*,*,*,False,*,*
発表,発表,ハッピョウ,発表,名詞,普通名詞,サ変可能,*,*,*,False,*,*
。,。,。,。,補助記号,句点,*,*,*,*,False,*,*
その,其の,ソノ,その,連体詞,*,*,*,*,*,False,*,*
後,後,ゴ,後,名詞,普通名詞,副詞可能,*,*,*,False,*,*
Windows,Windows,ウィンドウズ,Windows,名詞,固有名詞,一般,*,*,*,False,*,*
向け,向け,ムケ,向け,接尾辞,名詞的,一般,*,*,*,False,*,*
キーボード,キーボード,キーボード,キーボード,名詞,普通名詞,一般,*,*,*,False,*,*
し,為る,シ,する,動詞,非自立可能,*,*,サ行変格,連用形-一般,False,*,*
30,30,サンレイ,30,名詞,数詞,*,*,*,*,True,*,*
年,年,ネン,年,名詞,普通名詞,助数詞可能,*,*,*,False,*,*
ぶり,振り,ブリ,ぶり,接尾辞,名詞的,一般,*,*,*,False,*,*
、,、,、,、,補助記号,読点,*,*,*,*,False,*,*
キー配列,キー配列,キーハイレツ,キー配列,名詞,固有名詞,一般,*,*,*,False,キー-配列,キー-配列
「,「,キゴウ,「,補助記号,括弧開,*,*,*,*,False,*,*
Copilot,Copilot,コパイロット,Copilot,名詞,固有名詞,一般,*,*,*,False,*,*
キー,キー,キー,キー,名詞,普通名詞,一般,*,*,*,False,*,*
」,」,キゴウ,」,補助記号,括弧閉,*,*,*,*,False,*,*
追加,追加,ツイカ,追加,名詞,普通名詞,サ変可能,*,*,*,False,*,*
する,為る,スル,する,動詞,非自立可能,*,*,サ行変格,終止形-一般,False,*,*
AI,AI,エーアイ,AI,名詞,普通名詞,一般,*,*,*,False,*,*
対する,対する,タイスル,対する,動詞,一般,*,*,サ行変格,連体形-一般,False,*,*
本気,本気,ホンキ,本気,名詞,普通名詞,形状詞可能,*,*,*,False,*,*
度,度,ド,度,名詞,普通名詞,助数詞可能,*,*,*,False,*,*
見せ,見せる,ミセ,見せる,動詞,非自立可能,*,*,下一段-サ行,連用形-一般,False,*,*
い,居る,イ,いる,動詞,非自立可能,*,*,上一段-ア行,連用形-一般,False,*,*
、,、,、,、,補助記号,読点,*,*,*,*,False,*,*
突然,突然,トツゼン,突然,副詞,*,*,*,*,*,False,*,*
Copilot,Copilot,コパイロット,Copilot,名詞,固有名詞,一般,*,*,*,False,*,*
in,in,イン,In,名詞,普通名詞,一般,*,*,*,False,*,*
Windows,Windows,ウィンドウズ,Windows,名詞,固有名詞,一般,*,*,*,False,*,*
機能,機能,キノウ,機能,名詞,普通名詞,サ変可能,*,*,*,False,*,*
大きく,大きい,オオキク,大きい,形容詞,一般,*,*,形容詞,連用形-一般,False,*,*
縮小,縮小,シュクショウ,縮小,名詞,普通名詞,サ変可能,*,*,*,False,*,*
さ,為る,サ,する,動詞,非自立可能,*,*,サ行変格,未然形-サ,False,*,*
しまっ,仕舞う,シマッ,しまう,動詞,非自立可能,*,*,五段-ワア行,連用形-促音便,False,*,*
。,。,。,。,補助記号,句点,*,*,*,*,False,*,*
C,c,c,c,名詞,普通名詞,一般,*,*,*,True,*,*
。,。,。,。,補助記号,句点,*,*,*,*,False,*,*
。,。,。,。,補助記号,句点,*,*,*,*,False,*,*
。,。,。,。,補助記号,句点,*,*,*,*,False,*,*
楽天モバイル,楽天モバイル,ラクテンモバイル,楽天モバイル,名詞,固有名詞,一般,*,*,*,False,楽天-モバイル,楽天-モバイル
、,、,、,、,補助記号,読点,*,*,*,*,False,*,*
本日,本日,ホンジツ,本日,名詞,普通名詞,副詞可能,*,*,*,False,*,*
プラチナバンド,プラチナバンド,プラチナバンド,プラチナバンド,名詞,固有名詞,一般,*,*,*,False,プラチナ-バンド,プラチナ-バンド
開始,開始,カイシ,開始,名詞,普通名詞,サ変可能,*,*,*,False,*,*
！,!,!,!,補助記号,句点,*,*,*,*,False,*,*
5,5,ゴ,5,名詞,数詞,*,*,*,*,False,*,*
G,g,グラム,g,名詞,普通名詞,助数詞可能,*,*,*,False,*,*
エリア,エリア,エリア,エリア,名詞,普通名詞,一般,*,*,*,False,*,*
拡大,拡大,カクダイ,拡大,名詞,普通名詞,サ変可能,*,*,*,False,*,*
2024,2024,ニレイニヨン,2024,名詞,数詞,*,*,*,*,True,*,*
/,/,キゴウ,/,補助記号,一般,*,*,*,*,False,*,*
06,06,レイロク,06,名詞,数詞,*,*,*,*,True,*,*
/,/,キゴウ,/,補助記号,一般,*,*,*,*,False,*,*
27,27,ニナナ,27,名詞,数詞,*,*,*,*,True,*,*
20,20,ニレイ,20,名詞,数詞,*,*,*,*,True,*,*
:,:,キゴウ,:,補助記号,一般,*,*,*,*,False,*,*
05,05,レイゴ,05,名詞,数詞,*,*,*,*,True,*,*
會原,會原,アイハラ,會原,名詞,固有名詞,人名,姓,*,*,False,*,*
プラチナバンド,プラチナバンド,プラチナバンド,プラチナバンド,名詞,固有名詞,一般,*,*,*,False,プラチナ-バンド,プラチナ-バンド
取材,取材,シュザイ,取材,名詞,普通名詞,サ変可能,*,*,*,False,*,*
記事,記事,キジ,記事,名詞,普通名詞,一般,*,*,*,False,*,*
楽天モバイル,楽天モバイル,ラクテンモバイル,楽天モバイル,名詞,固有名詞,一般,*,*,*,False,楽天-モバイル,楽天-モバイル
楽天モバイル,楽天モバイル,ラクテンモバイル,楽天モバイル,名詞,固有名詞,一般,*,*,*,False,楽天-モバイル,楽天-モバイル
、,、,、,、,補助記号,読点,*,*,*,*,False,*,*
本日,本日,ホンジツ,本日,名詞,普通名詞,副詞可能,*,*,*,False,*,*
プラチナバンド,プラチナバンド,プラチナバンド,プラチナバンド,名詞,固有名詞,一般,*,*,*,False,プラチナ-バンド,プラチナ-バンド
開始,開始,カイシ,開始,名詞,普通名詞,サ変可能,*,*,*,False,*,*
宣言,宣言,センゲン,宣言,名詞,普通名詞,サ変可能,*,*,*,False,*,*
。,。,。,。,補助記号,句点,*,*,*,*,False,*,*
改めて,改めて,アラタメテ,改めて,副詞,*,*,*,*,*,False,*,*
携帯,携帯,ケイタイ,携帯,名詞,普通名詞,サ変可能,*,*,*,False,*,*
市場,市場,シジョウ,市場,名詞,普通名詞,一般,*,*,*,False,*,*
民主化,民主化,ミンシュカ,民主化,名詞,普通名詞,一般,*,*,*,False,*,民主-化
目指し,目指す,メザシ,目指す,動詞,一般,*,*,五段-サ行,連用形-一般,False,*,*
、,、,、,、,補助記号,読点,*,*,*,*,False,*,*
安く,安い,ヤスク,安い,形容詞,一般,*,*,形容詞,連用形-一般,False,*,*
高速,高速,コウソク,高速,名詞,普通名詞,形状詞可能,*,*,*,False,*,*
、,、,、,、,補助記号,読点,*,*,*,*,False,*,*
高い,高い,タカイ,高い,形容詞,一般,*,*,形容詞,連体形-一般,False,*,*
品質,品質,ヒンシツ,品質,名詞,普通名詞,一般,*,*,*,False,*,*
サービス,サービス,サービス,サービス,名詞,普通名詞,サ変可能,*,*,*,False,*,*
日本,日本,ニッポン,日本,名詞,固有名詞,地名,国,*,*,False,*,*
利用者,利用者,リヨウシャ,利用者,名詞,普通名詞,一般,*,*,*,False,*,利用-者
届け,届ける,トドケ,届ける,動詞,一般,*,*,下一段-カ行,連用形-一般,False,*,*
いく,行く,イク,いく,動詞,非自立可能,*,*,五段-カ行,連体形-一般,False,*,*
表明,表明,ヒョウメイ,表明,名詞,普通名詞,サ変可能,*,*,*,False,*,*
し,為る,シ,する,動詞,非自立可能,*,*,サ行変格,連用形-一般,False,*,*
。,。,。,。,補助記号,句点,*,*,*,*,False,*,*
ゼロ,ゼロ,ゼロ,ゼロ,名詞,数詞,*,*,*,*,False,*,*
スタート,スタート,スタート,スタート,名詞,普通名詞,サ変可能,*,*,*,False,*,*
し,為る,シ,する,動詞,非自立可能,*,*,サ行変格,連用形-一般,False,*,*
50,50,ゴレイ,50,名詞,数詞,*,*,*,*,True,*,*
ヶ月,箇月,カゲツ,ヶ月,名詞,普通名詞,助数詞可能,*,*,*,False,*,*
、,、,、,、,補助記号,読点,*,*,*,*,False,*,*
700万,7000000,ナナレイレイマン,700万,名詞,数詞,*,*,*,*,True,*,*
回線,回線,カイセン,回線,名詞,普通名詞,一般,*,*,*,False,*,*
突破,突破,トッパ,突破,名詞,普通名詞,サ変可能,*,*,*,False,*,*
し,為る,シ,する,動詞,非自立可能,*,*,サ行変格,連用形-一般,False,*,*
楽天,楽天,ラクテン,楽天,名詞,固有名詞,一般,*,*,*,False,*,*
モバイル,モバイル,モバイル,モバイル,名詞,普通名詞,一般,*,*,*,False,*,*
。,。,。,。,補助記号,句点,*,*,*,*,False,*,*
650万,6500000,ロクゴレイマン,650万,名詞,数詞,*,*,*,*,True,*,*
回線,回線,カイセン,回線,名詞,普通名詞,一般,*,*,*,False,*,*
突破,突破,トッパ,突破,名詞,普通名詞,サ変可能,*,*,*,False,*,*
2,2,ニ,2,名詞,数詞,*,*,*,*,False,*,*
ヶ月,箇月,カゲツ,ヶ月,名詞,普通名詞,助数詞可能,*,*,*,False,*,*
純増数,純増数,ジュンゾウスウ,純増数,名詞,固有名詞,一般,*,*,*,False,純増-数,純増-数
50万,500000,ゴレイマン,50万,名詞,数詞,*,*,*,*,True,*,*
回線,回線,カイセン,回線,名詞,普通名詞,一般,*,*,*,False,*,*
ハイペース,ハイペース,ハイペース,ハイペース,名詞,普通名詞,一般,*,*,*,False,ハイ-ペース,ハイ-ペース
。,。,。,。,補助記号,句点,*,*,*,*,False,*,*
さらに,更に,サラニ,さらに,副詞,*,*,*,*,*,False,*,*
繋がる,繋がる,ツナガル,繋がる,動詞,一般,*,*,五段-ラ行,連体形-一般,False,*,*
楽天モバイル,楽天モバイル,ラクテンモバイル,楽天モバイル,名詞,固有名詞,一般,*,*,*,False,楽天-モバイル,楽天-モバイル
。,。,。,。,補助記号,句点,*,*,*,*,False,*,*
5,5,ゴ,5,名詞,数詞,*,*,*,*,False,*,*
G,g,グラム,g,名詞,普通名詞,助数詞可能,*,*,*,False,*,*
Sub,サブ,サブ,sub,名詞,固有名詞,一般,*,*,*,False,*,*
6,6,ロク,6,名詞,数詞,*,*,*,*,False,*,*
基地局,基地局,キチキョク,基地局,名詞,普通名詞,一般,*,*,*,False,*,基地-局
1,1,イチ,1,名詞,数詞,*,*,*,*,False,*,*
。,。,。,。,補助記号,句点,*,*,*,*,False,*,*
7万,70000,ナナマン,7万,名詞,数詞,*,*,*,*,True,*,*
局,局,キョク,局,名詞,普通名詞,助数詞可能,*,*,*,False,*,*
。,。,。,。,補助記号,句点,*,*,*,*,False,*,*
共用,共用,キョウヨウ,共用,名詞,普通名詞,サ変可能,*,*,*,False,*,*
帯域,帯域,タイイキ,帯域,名詞,普通名詞,一般,*,*,*,False,*,*
おけ,おく,オケ,おく,動詞,一般,*,*,文語四段-カ行,命令形,False,*,*
る,り,ル,り,助動詞,*,*,*,文語助動詞-リ,連体形-一般,False,*,*
衛星,衛星,エイセイ,衛星,名詞,普通名詞,一般,*,*,*,False,*,*
通信,通信,ツウシン,通信,名詞,普通名詞,サ変可能,*,*,*,False,*,*
干渉,干渉,カンショウ,干渉,名詞,普通名詞,サ変可能,*,*,*,False,*,*
調整,調整,チョウセイ,調整,名詞,普通名詞,サ変可能,*,*,*,False,*,*
条件,条件,ジョウケン,条件,名詞,普通名詞,一般,*,*,*,False,*,*
緩和,緩和,カンワ,緩和,名詞,普通名詞,サ変可能,*,*,*,False,*,*
受け,受ける,ウケ,受ける,動詞,一般,*,*,下一段-カ行,連用形-一般,False,*,*
。,。,。,。,補助記号,句点,*,*,*,*,False,*,*
。,。,。,。,補助記号,句点,*,*,*,*,False,*,*
。,。,。,。,補助記号,句点,*,*,*,*,False,*,*
Xperia,Xperia,エクスペリア,Xperia,名詞,固有名詞,一般,*,*,*,False,*,*
10,10,イチレイ,10,名詞,数詞,*,*,*,*,True,*,*
VI,vi,vi,vi,名詞,普通名詞,一般,*,*,*,True,*,*
、,、,、,、,補助記号,読点,*,*,*,*,False,*,*
携帯,携帯,ケイタイ,携帯,名詞,普通名詞,サ変可能,*,*,*,False,*,*
各社,各社,カクシャ,各社,名詞,普通名詞,一般,*,*,*,False,*,*
発売日,発売日,ハツバイビ,発売日,名詞,普通名詞,一般,*,*,*,False,*,発売-日
7,7,ナナ,7,名詞,数詞,*,*,*,*,False,*,*
月,月,ガツ,月,名詞,普通名詞,助数詞可能,*,*,*,False,*,*
5,5,イツ,5,名詞,数詞,*,*,*,*,False,*,*
日,日,カ,日,接尾辞,名詞的,助数詞,*,*,*,False,*,*
決定,決定,ケッテイ,決定,名詞,普通名詞,サ変可能,*,*,*,False,*,*
。,。,。,。,補助記号,句点,*,*,*,*,False,*,*
2024,2024,ニレイニヨン,2024,名詞,数詞,*,*,*,*,True,*,*
/,/,キゴウ,/,補助記号,一般,*,*,*,*,False,*,*
06,06,レイロク,06,名詞,数詞,*,*,*,*,True,*,*
/,/,キゴウ,/,補助記号,一般,*,*,*,*,False,*,*
27,27,ニナナ,27,名詞,数詞,*,*,*,*,True,*,*
22,22,ニニ,22,名詞,数詞,*,*,*,*,True,*,*
:,:,キゴウ,:,補助記号,一般,*,*,*,*,False,*,*
36,36,サンロク,36,名詞,数詞,*,*,*,*,True,*,*
會原,會原,アイハラ,會原,名詞,固有名詞,人名,姓,*,*,False,*,*
Sony,ソニー,ソニー,SONY,名詞,固有名詞,一般,*,*,*,False,*,*
Xperia,Xperia,エクスペリア,Xperia,名詞,固有名詞,一般,*,*,*,False,*,*
10,10,イチレイ,10,名詞,数詞,*,*,*,*,True,*,*
VI,vi,vi,vi,名詞,普通名詞,一般,*,*,*,True,*,*
NTTドコモ,NTTドコモ,エヌティーティードコモ,NTTドコモ,名詞,固有名詞,一般,*,*,*,False,NTT-ドコモ,NTT-ドコモ
、,、,、,、,補助記号,読点,*,*,*,*,False,*,*
au,au,エーユー,au,名詞,固有名詞,一般,*,*,*,False,*,*
、,、,、,、,補助記号,読点,*,*,*,*,False,*,*
UQ mobile,UQ mobile,ユーキューモバイル,UQ mobile,名詞,固有名詞,一般,*,*,*,False,*,*
、,、,、,、,補助記号,読点,*,*,*,*,False,*,*
SoftBank,SoftBank,ソフトバンク,SoftBank,名詞,固有名詞,一般,*,*,*,False,*,*
、,、,、,、,補助記号,読点,*,*,*,*,False,*,*
ソニー,ソニー,ソニー,ソニー,名詞,固有名詞,一般,*,*,*,False,*,*
Xperia,Xperia,エクスペリア,Xperia,名詞,固有名詞,一般,*,*,*,False,*,*
10,10,イチレイ,10,名詞,数詞,*,*,*,*,True,*,*
VI,vi,vi,vi,名詞,普通名詞,一般,*,*,*,True,*,*
発売日,発売日,ハツバイビ,発売日,名詞,普通名詞,一般,*,*,*,False,*,発売-日
告知,告知,コクチ,告知,名詞,普通名詞,サ変可能,*,*,*,False,*,*
さ,為る,サ,する,動詞,非自立可能,*,*,サ行変格,未然形-サ,False,*,*
。,。,。,。,補助記号,句点,*,*,*,*,False,*,*
Xperia,Xperia,エクスペリア,Xperia,名詞,固有名詞,一般,*,*,*,False,*,*
10,10,イチレイ,10,名詞,数詞,*,*,*,*,True,*,*
VI,vi,vi,vi,名詞,普通名詞,一般,*,*,*,True,*,*
、,、,、,、,補助記号,読点,*,*,*,*,False,*,*
いずれ,いずれ,イズレ,いずれ,代名詞,*,*,*,*,*,False,*,*
2024,2024,ニレイニシ,2024,名詞,数詞,*,*,*,*,True,*,*
年,年,ネン,年,名詞,普通名詞,助数詞可能,*,*,*,False,*,*
7,7,シチ,7,名詞,数詞,*,*,*,*,False,*,*
月,月,ガツ,月,名詞,普通名詞,助数詞可能,*,*,*,False,*,*
5,5,イツ,5,名詞,数詞,*,*,*,*,False,*,*
日,日,カ,日,接尾辞,名詞的,助数詞,*,*,*,False,*,*
発売,発売,ハツバイ,発売,名詞,普通名詞,サ変可能,*,*,*,False,*,*
なり,成る,ナリ,なる,動詞,非自立可能,*,*,五段-ラ行,連用形-一般,False,*,*
。,。,。,。,補助記号,句点,*,*,*,*,False,*,*
Snapdragon,スナップドラゴン,スナップドラゴン,snapdragon,名詞,普通名詞,一般,*,*,*,False,*,*
6,6,ロク,6,名詞,数詞,*,*,*,*,False,*,*
Gen,GEN,ゲン,GEN,名詞,固有名詞,人名,一般,*,*,False,*,*
1,1,イチ,1,名詞,数詞,*,*,*,*,False,*,*
搭載,搭載,トウサイ,搭載,名詞,普通名詞,サ変可能,*,*,*,False,*,*
し,為る,シ,する,動詞,非自立可能,*,*,サ行変格,連用形-一般,False,*,*
、,、,、,、,補助記号,読点,*,*,*,*,False,*,*
6,6,ロク,6,名詞,数詞,*,*,*,*,False,*,*
。,。,。,。,補助記号,句点,*,*,*,*,False,*,*
1,1,イチ,1,名詞,数詞,*,*,*,*,False,*,*
インチ,インチ,インチ,インチ,名詞,普通名詞,助数詞可能,*,*,*,False,*,*
有機ELディスプレイ,有機ELディスプレイ,ユウキイーエルディスプレイ,有機ELディスプレイ,名詞,固有名詞,一般,*,*,*,False,有機-EL-ディスプレイ,有機-EL-ディスプレイ
、,、,、,、,補助記号,読点,*,*,*,*,False,*,*
ガラス,ガラス,ガラス,ガラス,名詞,普通名詞,一般,*,*,*,False,*,*
耐久性,耐久性,タイキュウセイ,耐久性,名詞,普通名詞,一般,*,*,*,False,*,耐久-性
向上,向上,コウジョウ,向上,名詞,普通名詞,サ変可能,*,*,*,False,*,*
し,為る,シ,する,動詞,非自立可能,*,*,サ行変格,連用形-一般,False,*,*
、,、,、,、,補助記号,読点,*,*,*,*,False,*,*
IP,IP,アイピー,IP,名詞,普通名詞,一般,*,*,*,False,*,*
65,65,ロクゴ,65,名詞,数詞,*,*,*,*,True,*,*
/,/,キゴウ,/,補助記号,一般,*,*,*,*,False,*,*
68,68,ロクハチ,68,名詞,数詞,*,*,*,*,True,*,*
防水,防水,ボウスイ,防水,名詞,普通名詞,サ変可能,*,*,*,False,*,*
・,・,・,・,補助記号,一般,*,*,*,*,False,*,*
防塵,防塵,ボウジン,防塵,名詞,普通名詞,一般,*,*,*,False,*,*
性能,性能,セイノウ,性能,名詞,普通名詞,一般,*,*,*,False,*,*
対応,対応,タイオウ,対応,名詞,普通名詞,サ変可能,*,*,*,False,*,*
。,。,。,。,補助記号,句点,*,*,*,*,False,*,*
カメラ,カメラ,カメラ,カメラ,名詞,普通名詞,一般,*,*,*,False,*,*
二,2,ニ,二,名詞,数詞,*,*,*,*,True,*,*
眼,眼,ガン,眼,接尾辞,名詞的,一般,*,*,*,False,*,*
、,、,、,、,補助記号,読点,*,*,*,*,False,*,*
フロント,フロント,フロント,フロント,名詞,普通名詞,一般,*,*,*,False,*,*
ステレオ,ステレオ,ステレオ,ステレオ,名詞,普通名詞,一般,*,*,*,False,*,*
スピーカー,スピーカー,スピーカー,スピーカー,名詞,普通名詞,一般,*,*,*,False,*,*
搭載,搭載,トウサイ,搭載,名詞,普通名詞,サ変可能,*,*,*,False,*,*
。,。,。,。,補助記号,句点,*,*,*,*,False,*,*
OS,OS,オーエス,OS,名詞,普通名詞,一般,*,*,*,False,*,*
Andr,andr,andr,andr,名詞,普通名詞,一般,*,*,*,True,*,*
。,。,。,。,補助記号,句点,*,*,*,*,False,*,*
。,。,。,。,補助記号,句点,*,*,*,*,False,*,*
。,。,。,。,補助記号,句点,*,*,*,*,False,*,*
ONEXPLAYER,onexplayer,onexplayer,onexplayer,名詞,普通名詞,一般,*,*,*,True,*,*
X1,X1,エックスワン,X1,名詞,固有名詞,一般,*,*,*,False,*,*
mini,ミニ,ミニ,mini,名詞,普通名詞,一般,*,*,*,False,*,*
登場,登場,トウジョウ,登場,名詞,普通名詞,サ変可能,*,*,*,False,*,*
！,!,!,!,補助記号,句点,*,*,*,*,False,*,*
144,144,イチヨンヨン,144,名詞,数詞,*,*,*,*,True,*,*
Hz,hz,hz,hz,名詞,普通名詞,一般,*,*,*,True,*,*
駆動,駆動,クドウ,駆動,名詞,普通名詞,サ変可能,*,*,*,False,*,*
/,/,キゴウ,/,補助記号,一般,*,*,*,*,False,*,*
16890,16890,イチロクハチキュウレイ,16890,名詞,数詞,*,*,*,*,True,*,*
mAh,MAH,マー,MAH,名詞,固有名詞,一般,*,*,*,False,*,*
電池,電池,デンチ,電池,名詞,普通名詞,一般,*,*,*,False,*,*
搭載,搭載,トウサイ,搭載,名詞,普通名詞,サ変可能,*,*,*,False,*,*
8,8,ハチ,8,名詞,数詞,*,*,*,*,False,*,*
。,。,。,。,補助記号,句点,*,*,*,*,False,*,*
8,8,ハチ,8,名詞,数詞,*,*,*,*,False,*,*
型,型,ガタ,型,接尾辞,名詞的,一般,*,*,*,False,*,*
小型化,小型化,コガタカ,小型化,名詞,普通名詞,一般,*,*,*,False,*,小型-化
し,為る,シ,する,動詞,非自立可能,*,*,サ行変格,連用形-一般,False,*,*
携帯,携帯,ケイタイ,携帯,名詞,普通名詞,サ変可能,*,*,*,False,*,*
ゲーミング,ゲーミング,ゲーミング,ゲーミング,名詞,普通名詞,一般,*,*,*,False,*,*
PC,PC,ピーシー,PC,名詞,普通名詞,一般,*,*,*,False,*,*
2024,2024,ニレイニヨン,2024,名詞,数詞,*,*,*,*,True,*,*
/,/,キゴウ,/,補助記号,一般,*,*,*,*,False,*,*
06,06,レイロク,06,名詞,数詞,*,*,*,*,True,*,*
/,/,キゴウ,/,補助記号,一般,*,*,*,*,False,*,*
27,27,ニナナ,27,名詞,数詞,*,*,*,*,True,*,*
23,23,ニサン,23,名詞,数詞,*,*,*,*,True,*,*
:,:,キゴウ,:,補助記号,一般,*,*,*,*,False,*,*
47,47,ヨンナナ,47,名詞,数詞,*,*,*,*,True,*,*
會原,會原,アイハラ,會原,名詞,固有名詞,人名,姓,*,*,False,*,*
One,ワン,ワン,one,名詞,普通名詞,一般,*,*,*,False,*,*
-,-,-,-,補助記号,一般,*,*,*,*,False,*,*
Netbook,Netbook,ネットブック,Netbook,名詞,固有名詞,一般,*,*,*,False,*,*
ONEXPLAYER,onexplayer,onexplayer,onexplayer,名詞,普通名詞,一般,*,*,*,True,*,*
X1,X1,エックスワン,X1,名詞,固有名詞,一般,*,*,*,False,*,*
Mini,ミニ,ミニ,mini,名詞,普通名詞,一般,*,*,*,False,*,*
取材,取材,シュザイ,取材,名詞,普通名詞,サ変可能,*,*,*,False,*,*
記事,記事,キジ,記事,名詞,普通名詞,一般,*,*,*,False,*,*
携帯,携帯,ケイタイ,携帯,名詞,普通名詞,サ変可能,*,*,*,False,*,*
ゲーミング,ゲーミング,ゲーミング,ゲーミング,名詞,普通名詞,一般,*,*,*,False,*,*
PC,PC,ピーシー,PC,名詞,普通名詞,一般,*,*,*,False,*,*
One,ワン,ワン,one,名詞,普通名詞,一般,*,*,*,False,*,*
-,-,-,-,補助記号,一般,*,*,*,*,False,*,*
Netbook,Netbook,ネットブック,Netbook,名詞,固有名詞,一般,*,*,*,False,*,*
社,社,シャ,社,名詞,普通名詞,助数詞可能,*,*,*,False,*,*
、,、,、,、,補助記号,読点,*,*,*,*,False,*,*
日本,日本,ニッポン,日本,名詞,固有名詞,地名,国,*,*,False,*,*
ONEXPLAYER,onexplayer,onexplayer,onexplayer,名詞,固有名詞,一般,*,*,*,True,*,*
X1,X1,エックスワン,X1,名詞,固有名詞,一般,*,*,*,False,*,*
mini,ミニ,ミニ,mini,名詞,普通名詞,一般,*,*,*,False,*,*
正式発表,正式発表,セイシキハッピョウ,正式発表,名詞,普通名詞,一般,*,*,*,False,正式-発表,正式-発表
し,為る,シ,する,動詞,非自立可能,*,*,サ行変格,連用形-一般,False,*,*
。,。,。,。,補助記号,句点,*,*,*,*,False,*,*
テックワン,テックワン,テックワン,テックワン,名詞,普通名詞,一般,*,*,*,False,*,*
販売,販売,ハンバイ,販売,名詞,普通名詞,サ変可能,*,*,*,False,*,*
「,「,キゴウ,「,補助記号,括弧開,*,*,*,*,False,*,*
ONEXPLAYER,onexplayer,onexplayer,onexplayer,名詞,普通名詞,一般,*,*,*,True,*,*
X1,X1,エックスワン,X1,名詞,固有名詞,一般,*,*,*,False,*,*
mini,ミニ,ミニ,mini,名詞,普通名詞,一般,*,*,*,False,*,*
国内,国内,コクナイ,国内,名詞,普通名詞,一般,*,*,*,False,*,*
正規,正規,セイキ,正規,名詞,普通名詞,一般,*,*,*,False,*,*
版,版,バン,版,名詞,普通名詞,助数詞可能,*,*,*,False,*,*
」,」,キゴウ,」,補助記号,括弧閉,*,*,*,*,False,*,*
価格,価格,カカク,価格,名詞,普通名詞,一般,*,*,*,False,*,*
14万9800,149800,イチヨンマンキュウハチレイレイ,14万9800,名詞,数詞,*,*,*,*,True,*,*
円,円,エン,円,名詞,普通名詞,助数詞可能,*,*,*,False,*,*
。,。,。,。,補助記号,句点,*,*,*,*,False,*,*
発売日,発売日,ハツバイビ,発売日,名詞,普通名詞,一般,*,*,*,False,*,発売-日
8,8,ハチ,8,名詞,数詞,*,*,*,*,False,*,*
月,月,ガツ,月,名詞,普通名詞,助数詞可能,*,*,*,False,*,*
初旬,初旬,ショジュン,初旬,名詞,普通名詞,副詞可能,*,*,*,False,*,*
。,。,。,。,補助記号,句点,*,*,*,*,False,*,*
発表,発表,ハッピョウ,発表,名詞,普通名詞,サ変可能,*,*,*,False,*,*
One,ワン,ワン,one,名詞,普通名詞,一般,*,*,*,False,*,*
-,-,-,-,補助記号,一般,*,*,*,*,False,*,*
Netbook,Netbook,ネットブック,Netbook,名詞,固有名詞,一般,*,*,*,False,*,*
創業者,創業者,ソウギョウシャ,創業者,名詞,普通名詞,一般,*,*,*,False,*,創業-者
兼,兼,ケン,兼,名詞,普通名詞,一般,*,*,*,False,*,*
CEO,CEO,シーイーオー,CEO,名詞,普通名詞,一般,*,*,*,False,*,*
ある,有る,アル,ある,動詞,非自立可能,*,*,五段-ラ行,連体形-一般,False,*,*
Jack,ジャック,ジャック,Jack,名詞,固有名詞,人名,一般,*,*,False,*,*
Wang,wang,wang,wang,名詞,固有名詞,人名,一般,*,*,True,*,*
氏,氏,シ,氏,接尾辞,名詞的,一般,*,*,*,False,*,*
登壇,登壇,トウダン,登壇,名詞,普通名詞,サ変可能,*,*,*,False,*,*
し,為る,シ,する,動詞,非自立可能,*,*,サ行変格,連用形-一般,False,*,*
。,。,。,。,補助記号,句点,*,*,*,*,False,*,*
Jack,ジャック,ジャック,Jack,名詞,固有名詞,人名,一般,*,*,False,*,*
Wang,wang,wang,wang,名詞,普通名詞,一般,*,*,*,True,*,*
CEO,CEO,シーイーオー,CEO,名詞,普通名詞,一般,*,*,*,False,*,*
2021,2021,ニレイニイチ,2021,名詞,数詞,*,*,*,*,True,*,*
年,年,ネン,年,名詞,普通名詞,助数詞可能,*,*,*,False,*,*
6,6,ロク,6,名詞,数詞,*,*,*,*,False,*,*
月,月,ガツ,月,名詞,普通名詞,助数詞可能,*,*,*,False,*,*
携帯,携帯,ケイタイ,携帯,名詞,普通名詞,サ変可能,*,*,*,False,*,*
ゲーミング,ゲーミング,ゲーミング,ゲーミング,名詞,普通名詞,一般,*,*,*,False,*,*
PC,PC,ピーシー,PC,名詞,普通名詞,一般,*,*,*,False,*,*
「,「,キゴウ,「,補助記号,括弧開,*,*,*,*,False,*,*
ONEXPLAYER,onexplayer,onexplayer,onexplayer,名詞,普通名詞,一般,*,*,*,True,*,*
」,」,キゴウ,」,補助記号,括弧閉,*,*,*,*,False,*,*
初号,初号,ショゴウ,初号,名詞,普通名詞,一般,*,*,*,False,*,*
機,機,キ,機,名詞,普通名詞,助数詞可能,*,*,*,False,*,*
投入,投入,トウニュウ,投入,名詞,普通名詞,サ変可能,*,*,*,False,*,*
し,為る,シ,する,動詞,非自立可能,*,*,サ行変格,連用形-一般,False,*,*
。,。,。,。,補助記号,句点,*,*,*,*,False,*,*
。,。,。,。,補助記号,句点,*,*,*,*,False,*,*
。,。,。,。,補助記号,句点,*,*,*,*,False,*,*
デザイン,デザイン,デザイン,デザイン,名詞,普通名詞,サ変可能,*,*,*,False,*,*
良,良い,ヨ,良い,形容詞,非自立可能,*,*,形容詞,語幹-一般,False,*,*
げ,げ,ゲ,げ,接尾辞,形状詞的,*,*,*,*,False,*,*
？,?,?,?,補助記号,句点,*,*,*,*,False,*,*
motorola,Motorola,モトローラ,Motorola,名詞,固有名詞,一般,*,*,*,False,*,*
edge,エッジ,エッジ,Edge,名詞,固有名詞,人名,一般,*,*,False,*,*
50,50,ゴレイ,50,名詞,数詞,*,*,*,*,True,*,*
pro,プロ,プロ,PRO,名詞,普通名詞,一般,*,*,*,False,*,*
海外,海外,カイガイ,海外,名詞,普通名詞,一般,*,*,*,False,*,*
発表,発表,ハッピョウ,発表,名詞,普通名詞,サ変可能,*,*,*,False,*,*
2024,2024,ニレイニヨン,2024,名詞,数詞,*,*,*,*,True,*,*
/,/,キゴウ,/,補助記号,一般,*,*,*,*,False,*,*
06,06,レイロク,06,名詞,数詞,*,*,*,*,True,*,*
/,/,キゴウ,/,補助記号,一般,*,*,*,*,False,*,*
25,25,ニゴ,25,名詞,数詞,*,*,*,*,True,*,*
15,15,イチゴ,15,名詞,数詞,*,*,*,*,True,*,*
:,:,キゴウ,:,補助記号,一般,*,*,*,*,False,*,*
05,05,レイゴ,05,名詞,数詞,*,*,*,*,True,*,*
ryoppi,ryoppi,ryoppi,ryoppi,名詞,普通名詞,一般,*,*,*,True,*,*
913,913,キュウイチサン,913,名詞,数詞,*,*,*,*,True,*,*
Motorola,Motorola,モトローラ,Motorola,名詞,固有名詞,一般,*,*,*,False,*,*
Motorola,Motorola,モトローラ,Motorola,名詞,固有名詞,一般,*,*,*,False,*,*
Edge,エッジ,エッジ,Edge,名詞,固有名詞,人名,一般,*,*,False,*,*
50,50,ゴレイ,50,名詞,数詞,*,*,*,*,True,*,*
Pro,プロ,プロ,PRO,名詞,普通名詞,一般,*,*,*,False,*,*
モトローラ,モトローラ,モトローラ,モトローラ,名詞,固有名詞,一般,*,*,*,False,*,*
モトローラ,モトローラ,モトローラ,モトローラ,名詞,固有名詞,一般,*,*,*,False,*,*
、,、,、,、,補助記号,読点,*,*,*,*,False,*,*
4,4,ヨン,4,名詞,数詞,*,*,*,*,False,*,*
月,月,ガツ,月,名詞,普通名詞,助数詞可能,*,*,*,False,*,*
「,「,キゴウ,「,補助記号,括弧開,*,*,*,*,False,*,*
Motorola,Motorola,モトローラ,Motorola,名詞,固有名詞,一般,*,*,*,False,*,*
Edge,エッジ,エッジ,Edge,名詞,固有名詞,人名,一般,*,*,False,*,*
50,50,ゴレイ,50,名詞,数詞,*,*,*,*,True,*,*
」,」,キゴウ,」,補助記号,括弧閉,*,*,*,*,False,*,*
シリーズ,シリーズ,シリーズ,シリーズ,名詞,普通名詞,一般,*,*,*,False,*,*
中間,中間,チュウカン,中間,名詞,普通名詞,一般,*,*,*,False,*,*
グレード,グレード,グレード,グレード,名詞,普通名詞,一般,*,*,*,False,*,*
位置,位置,イチ,位置,名詞,普通名詞,サ変可能,*,*,*,False,*,*
する,為る,スル,する,動詞,非自立可能,*,*,サ行変格,連体形-一般,False,*,*
「,「,キゴウ,「,補助記号,括弧開,*,*,*,*,False,*,*
Motorola,Motorola,モトローラ,Motorola,名詞,固有名詞,一般,*,*,*,False,*,*
Edge,エッジ,エッジ,Edge,名詞,固有名詞,人名,一般,*,*,False,*,*
50,50,ゴレイ,50,名詞,数詞,*,*,*,*,True,*,*
Pro,プロ,プロ,PRO,名詞,普通名詞,一般,*,*,*,False,*,*
」,」,キゴウ,」,補助記号,括弧閉,*,*,*,*,False,*,*
発表,発表,ハッピョウ,発表,名詞,普通名詞,サ変可能,*,*,*,False,*,*
し,為る,シ,する,動詞,非自立可能,*,*,サ行変格,連用形-一般,False,*,*
。,。,。,。,補助記号,句点,*,*,*,*,False,*,*
Edge,エッジ,エッジ,Edge,名詞,固有名詞,人名,一般,*,*,False,*,*
50,50,ゴレイ,50,名詞,数詞,*,*,*,*,True,*,*
Pro,プロ,プロ,PRO,名詞,普通名詞,一般,*,*,*,False,*,*
Snapdragon,スナップドラゴン,スナップドラゴン,snapdragon,名詞,普通名詞,一般,*,*,*,False,*,*
7,7,ナナ,7,名詞,数詞,*,*,*,*,False,*,*
Gen,GEN,ゲン,GEN,名詞,固有名詞,人名,一般,*,*,False,*,*
3,3,サン,3,名詞,数詞,*,*,*,*,False,*,*
搭載,搭載,トウサイ,搭載,名詞,普通名詞,サ変可能,*,*,*,False,*,*
し,為る,シ,する,動詞,非自立可能,*,*,サ行変格,連用形-一般,False,*,*
。,。,。,。,補助記号,句点,*,*,*,*,False,*,*
先代,先代,センダイ,先代,名詞,普通名詞,一般,*,*,*,False,*,*
Edge,エッジ,エッジ,Edge,名詞,固有名詞,人名,一般,*,*,False,*,*
40,40,ヨンレイ,40,名詞,数詞,*,*,*,*,True,*,*
シリーズ,シリーズ,シリーズ,シリーズ,名詞,普通名詞,一般,*,*,*,False,*,*
Edge,エッジ,エッジ,Edge,名詞,固有名詞,人名,一般,*,*,False,*,*
40,40,ヨンレイ,40,名詞,数詞,*,*,*,*,True,*,*
Pro,プロ,プロ,PRO,名詞,普通名詞,一般,*,*,*,False,*,*
Snapdragon,スナップドラゴン,スナップドラゴン,snapdragon,名詞,普通名詞,一般,*,*,*,False,*,*
8,8,ハチ,8,名詞,数詞,*,*,*,*,False,*,*
Gen,GEN,ゲン,GEN,名詞,固有名詞,人名,一般,*,*,False,*,*
2,2,ニ,2,名詞,数詞,*,*,*,*,False,*,*
搭載,搭載,トウサイ,搭載,名詞,普通名詞,サ変可能,*,*,*,False,*,*
し,為る,シ,する,動詞,非自立可能,*,*,サ行変格,連用形-一般,False,*,*
おり,おる,オリ,おる,動詞,非自立可能,*,*,五段-ラ行,連用形-一般,False,*,*
、,、,、,、,補助記号,読点,*,*,*,*,False,*,*
性能,性能,セイノウ,性能,名詞,普通名詞,一般,*,*,*,False,*,*
Edge,エッジ,エッジ,Edge,名詞,固有名詞,人名,一般,*,*,False,*,*
40,40,ヨンレイ,40,名詞,数詞,*,*,*,*,True,*,*
Pro,プロ,プロ,PRO,名詞,普通名詞,一般,*,*,*,False,*,*
ほう,方,ホウ,ほう,名詞,普通名詞,一般,*,*,*,False,*,*
数段,数段,スウダン,数段,名詞,普通名詞,副詞可能,*,*,*,False,*,*
上,上,ジョウ,上,接尾辞,名詞的,副詞可能,*,*,*,False,*,*
あり,有る,アリ,ある,動詞,非自立可能,*,*,五段-ラ行,連用形-一般,False,*,*
、,、,、,、,補助記号,読点,*,*,*,*,False,*,*
Edge,エッジ,エッジ,Edge,名詞,固有名詞,人名,一般,*,*,False,*,*
50,50,ゴレイ,50,名詞,数詞,*,*,*,*,True,*,*
シ,シ,シ,シ,接尾辞,名詞的,一般,*,*,*,False,*,*
。,。,。,。,補助記号,句点,*,*,*,*,False,*,*
。,。,。,。,補助記号,句点,*,*,*,*,False,*,*
。,。,。,。,補助記号,句点,*,*,*,*,False,*,*
すま,すま,スマ,すま,名詞,固有名詞,人名,名,*,*,False,*,*
ほん,本,ホン,ほん,接尾辞,名詞的,助数詞,*,*,*,False,*,*
！,!,!,!,補助記号,句点,*,*,*,*,False,*,*
編集長,編集長,ヘンシュウチョウ,編集長,名詞,普通名詞,一般,*,*,*,False,*,編集-長
おすすめ,御勧め,オススメ,おすすめ,名詞,普通名詞,サ変可能,*,*,*,False,*,お-すすめ
SIM,SiM,シム,SiM,名詞,固有名詞,人名,一般,*,*,False,*,*
UQ,uq,uq,uq,名詞,普通名詞,一般,*,*,*,True,*,*
モバイル,モバイル,モバイル,モバイル,名詞,普通名詞,一般,*,*,*,False,*,*
au,au,エーユー,au,名詞,固有名詞,一般,*,*,*,False,*,*
回線,回線,カイセン,回線,名詞,普通名詞,一般,*,*,*,False,*,*
、,、,、,、,補助記号,読点,*,*,*,*,False,*,*
店舗,店舗,テンポ,店舗,名詞,普通名詞,一般,*,*,*,False,*,*
サポート,サポート,サポート,サポート,名詞,普通名詞,サ変可能,*,*,*,False,*,*
口座振替,口座振替,コウザフリカエ,口座振替,名詞,普通名詞,一般,*,*,*,False,口座-振替,口座-振替
可,可,カ,可,名詞,普通名詞,形状詞可能,*,*,*,False,*,*
IIJmio,IIJmio,アイアイジェーミオ,IIJmio,名詞,固有名詞,一般,*,*,*,False,*,*
格安,格安,カクヤス,格安,形状詞,一般,*,*,*,*,False,*,*
eSIM,esim,esim,esim,名詞,普通名詞,一般,*,*,*,True,*,*
データ通信,データ通信,データツウシン,データ通信,名詞,普通名詞,一般,*,*,*,False,データ-通信,データ-通信
使える,使う,ツカエル,使える,動詞,一般,*,*,下一段-ア行,終止形-一般,False,*,*
！,!,!,!,補助記号,句点,*,*,*,*,False,*,*
Y,y,y,y,名詞,普通名詞,一般,*,*,*,True,*,*
!,!,!,!,補助記号,句点,*,*,*,*,False,*,*
mobile,Mobile,mobile,Mobile,名詞,普通名詞,一般,*,*,*,False,*,*
爆速,爆速,爆速,爆速,名詞,普通名詞,一般,*,*,*,True,*,*
、,、,、,、,補助記号,読点,*,*,*,*,False,*,*
PayPay,PayPay,ペイペイ,PayPay,名詞,固有名詞,一般,*,*,*,False,*,*
好,好,コウ,好,接頭辞,*,*,*,*,*,False,*,*
相性,相性,アイショウ,相性,名詞,普通名詞,一般,*,*,*,False,*,*
LINEMO,linemo,linemo,linemo,名詞,普通名詞,一般,*,*,*,True,*,*
海外,海外,カイガイ,海外,名詞,普通名詞,一般,*,*,*,False,*,*
機,機,キ,機,名詞,普通名詞,助数詞可能,*,*,*,False,*,*
便利,便利,ベンリ,便利,名詞,普通名詞,形状詞可能,*,*,*,False,*,*
、,、,、,、,補助記号,読点,*,*,*,*,False,*,*
廉価,廉価,レンカ,廉価,形状詞,一般,*,*,*,*,False,*,*
丁度,丁度,チョウド,丁度,副詞,*,*,*,*,*,False,*,*
いい,良い,イイ,いい,形容詞,非自立可能,*,*,形容詞,連体形-一般,False,*,*
楽天モバイル,楽天モバイル,ラクテンモバイル,楽天モバイル,名詞,固有名詞,一般,*,*,*,False,楽天-モバイル,楽天-モバイル
納得,納得,ナットク,納得,名詞,普通名詞,サ変可能,*,*,*,False,*,*
段階,段階,ダンカイ,段階,名詞,普通名詞,一般,*,*,*,False,*,*
制,制,セイ,制,接尾辞,名詞的,一般,*,*,*,False,*,*
、,、,、,、,補助記号,読点,*,*,*,*,False,*,*
使い,使う,ツカイ,使う,動詞,一般,*,*,五段-ワア行,連用形-一般,False,*,*
放題,放題,ホウダイ,放題,名詞,普通名詞,一般,*,*,*,False,*,*
お,御,オ,お,接頭辞,*,*,*,*,*,False,*,*
得,得,トク,得,名詞,普通名詞,一般,*,*,*,False,*,*
povo,povo,ポボ,povo,名詞,固有名詞,人名,一般,*,*,False,*,*
2,2,ニ,2,名詞,数詞,*,*,*,*,False,*,*
。,。,。,。,補助記号,句点,*,*,*,*,False,*,*
0,0,レイ,0,名詞,数詞,*,*,*,*,False,*,*
使う,使う,ツカウ,使う,動詞,一般,*,*,五段-ワア行,連体形-一般,False,*,*
分,分,ブン,分,名詞,普通名詞,副詞可能,*,*,*,False,*,*
だけ,だけ,ダケ,だけ,助詞,副助詞,*,*,*,*,False,*,*
買う,買う,カウ,買う,動詞,一般,*,*,五段-ワア行,連体形-一般,False,*,*
、,、,、,、,補助記号,読点,*,*,*,*,False,*,*
最強,最強,サイキョウ,最強,名詞,普通名詞,一般,*,*,*,False,*,*
サブ,サブ,サブ,サブ,名詞,普通名詞,一般,*,*,*,False,*,*
回線,回線,カイセン,回線,名詞,普通名詞,一般,*,*,*,False,*,*
“,“,キゴウ,“,補助記号,括弧開,*,*,*,*,False,*,*
すま,すむ,スマ,すむ,動詞,一般,*,*,五段-マ行,未然形-一般,False,*,*
ほん,ほん,ホン,ほん,代名詞,*,*,*,*,*,False,*,*
!,!,!,!,補助記号,句点,*,*,*,*,False,*,*
!,!,!,!,補助記号,句点,*,*,*,*,False,*,*
”,”,キゴウ,”,補助記号,括弧閉,*,*,*,*,False,*,*
広告掲載,広告掲載,コウコクケイサイ,広告掲載,名詞,普通名詞,一般,*,*,*,False,広告-掲載,広告-掲載
つい,つく,ツイ,つく,動詞,一般,*,*,五段-カ行,連用形-イ音便,False,*,*
プライバシーポリシー,プライバシーポリシー,プライバシーポリシー,プライバシーポリシー,名詞,固有名詞,一般,*,*,*,False,プライバシー-ポリシー,プライバシー-ポリシー
編集部,編集部,ヘンシュウブ,編集部,名詞,普通名詞,一般,*,*,*,False,*,編集-部
お,御,オ,お,接頭辞,*,*,*,*,*,False,*,*
問い合わせ,問い合わせ,トイアワセ,問い合わせ,名詞,普通名詞,サ変可能,*,*,*,False,*,*
Copyright,コピーライト,コピーライト,Copyright,名詞,普通名詞,一般,*,*,*,False,*,*
©,©,キゴウ,©,補助記号,一般,*,*,*,*,False,*,*
2024,2024,ニレイニヨン,2024,名詞,数詞,*,*,*,*,True,*,*
すま,すま,スマ,すま,名詞,固有名詞,人名,名,*,*,False,*,*
ほん,本,ホン,ほん,接尾辞,名詞的,助数詞,*,*,*,False,*,*
!,!,!,!,補助記号,句点,*,*,*,*,False,*,*
!,!,!,!,補助記号,句点,*,*,*,*,False,*,*
。,。,。,。,補助記号,句点,*,*,*,*,False,*,*
Powered,パワード,パワード,powered,名詞,普通名詞,一般,*,*,*,False,*,*
by,by,バイ,by,名詞,普通名詞,一般,*,*,*,False,*,*
Wordpress,wordpress,ワードプレス,wordpress,名詞,固有名詞,一般,*,*,*,False,*,*
。,。,。,。,補助記号,句点,*,*,*,*,False,*,*
すま,すま,スマ,すま,名詞,固有名詞,人名,名,*,*,False,*,*
ほん,本,ホン,ほん,接尾辞,名詞的,助数詞,*,*,*,False,*,*
!,!,!,!,補助記号,句点,*,*,*,*,False,*,*
!,!,!,!,補助記号,句点,*,*,*,*,False,*,*
購読,購読,コウドク,購読,名詞,普通名詞,サ変可能,*,*,*,False,*,*
し,為る,シ,する,動詞,非自立可能,*,*,サ行変格,連用形-一般,False,*,*
？,?,?,?,補助記号,句点,*,*,*,*,False,*,*
Twitter,Twitter,ツイッター,Twitter,名詞,固有名詞,一般,*,*,*,False,*,*
最新,最新,サイシン,最新,名詞,普通名詞,一般,*,*,*,False,*,*
更新,更新,コウシン,更新,名詞,普通名詞,サ変可能,*,*,*,False,*,*
配信,配信,ハイシン,配信,名詞,普通名詞,サ変可能,*,*,*,False,*,*
・,・,・,・,補助記号,一般,*,*,*,*,False,*,*
通知,通知,ツウチ,通知,名詞,普通名詞,サ変可能,*,*,*,False,*,*
し,為る,シ,する,動詞,非自立可能,*,*,サ行変格,連用形-一般,False,*,*
い,居る,イ,いる,動詞,非自立可能,*,*,上一段-ア行,連用形-一般,False,*,*
フォロー,フォロー,フォロー,フォロー,名詞,普通名詞,サ変可能,*,*,*,False,*,*
する,為る,スル,する,動詞,非自立可能,*,*,サ行変格,終止形-一般,False,*,*
再度,再度,サイド,再度,名詞,普通名詞,副詞可能,*,*,*,False,*,*
表示,表示,ヒョウジ,表示,名詞,普通名詞,サ変可能,*,*,*,False,*,*
し,為る,シ,する,動詞,非自立可能,*,*,サ行変格,未然形-一般,False,*,*
