surface,normalized,dictionary,POS
打财,打财,打财,v
断血,断血,断血,v
起诉,起诉,起诉,v
涉毒,涉毒,涉毒,v
洗钱,洗钱,洗钱,v
犯罪,犯罪,犯罪,vn
千余件,千余件,千余件,m
 , , ,x
_,_,_,x
光明网,光明网,光明网,n
 , , ,x
点击,点击,点击,v
右上角,右上角,右上角,f
 , , ,x
微信,微信,微信,vn
好友,好友,好友,n
 , , ,x
朋友圈,朋友圈,朋友圈,n
 , , ,x
请,请,请,v
浏览器,浏览器,浏览器,n
分享,分享,分享,v
功能,功能,功能,n
分享,分享,分享,v
 , , ,x
导航,导航,导航,v
 , , ,x
时政,时政,时政,n
 , , ,x
国际,国际,国际,n
 , , ,x
时评,时评,时评,n
 , , ,x
理论,理论,理论,n
 , , ,x
文化,文化,文化,n
 , , ,x
科技,科技,科技,n
 , , ,x
教育,教育,教育,vn
 , , ,x
经济,经济,经济,n
 , , ,x
生活,生活,生活,vn
 , , ,x
法治,法治,法治,n
 , , ,x
专题,专题,专题,n
 , , ,x
ENGLISH,english,ENGLISH,eng
 , , ,x
时政,时政,时政,n
 , , ,x
国际,国际,国际,n
 , , ,x
时评,时评,时评,n
 , , ,x
理论,理论,理论,n
 , , ,x
文化,文化,文化,n
 , , ,x
科技,科技,科技,n
 , , ,x
教育,教育,教育,vn
 , , ,x
阅读,阅读,阅读,v
打财,打财,打财,v
断血,断血,断血,v
起诉,起诉,起诉,v
涉毒,涉毒,涉毒,v
洗钱,洗钱,洗钱,v
犯罪,犯罪,犯罪,vn
千余件,千余件,千余件,m
 , , ,x
首页,首页,首页,m
 , , ,x
>,>,>,x
 , , ,x
法治,法治,法治,n
频道,频道,频道,n
 , , ,x
>,>,>,x
 , , ,x
法治,法治,法治,n
要闻,要闻,要闻,n
 , , ,x
>,>,>,x
 , , ,x
正文,正文,正文,nz
 , , ,x
打财,打财,打财,v
断血,断血,断血,v
起诉,起诉,起诉,v
涉毒,涉毒,涉毒,v
洗钱,洗钱,洗钱,v
犯罪,犯罪,犯罪,vn
千余件,千余件,千余件,m
 , , ,x
来源,来源,来源,n
 , , ,x
法治,法治,法治,n
日报,日报,日报,n
-,-,-,x
法治,法治,法治,n
网,网,网,n
 , , ,x
2024,2024,2024,m
-,-,-,x
06,06,06,m
-,-,-,x
26,26,26,m
 , , ,x
11,11,11,m
:,:,:,x
30,30,30,m
 , , ,x
X,x,X,x
 , , ,x
本报记者,本报记者,本报记者,n
 , , ,x
董凡超,董凡超,董凡超,nr
 , , ,x
最高人民检察院,最高人民检察院,最高人民检察院,nt
6,6,6,m
月,月,月,m
25,25,25,m
日,日,日,m
新闻,新闻,新闻,n
发布会,发布会,发布会,n
发布,发布,发布,v
检察机关,检察机关,检察机关,n
高质,高质,高质,n
效,效,效,n
办理,办理,办理,n
毒品,毒品,毒品,n
犯罪案件,犯罪案件,犯罪案件,n
推进,推进,推进,v
毒品,毒品,毒品,n
综合治理,综合治理,综合治理,l
十大,十大,十大,j
典型,典型,典型,n
案,案,案,n
事例,事例,事例,n
陈某南,陈某南,陈某南,nr
人,人,人,n
贩卖毒品,贩卖毒品,贩卖毒品,n
洗钱,洗钱,洗钱,v
案,案,案,ng
检察机关,检察机关,检察机关,n
高质,高质,高质,n
效,效,效,n
办理,办理,办理,n
毒品,毒品,毒品,n
案件,案件,案件,n
缩影,缩影,缩影,n
 , , ,x
该案,该案,该案,r
中,中,中,f
广东省,广东省,广东省,ns
检察机关,检察机关,检察机关,n
审查,审查,审查,vn
发现,发现,发现,v
漏罪,漏罪,漏罪,nz
漏犯,漏犯,漏犯,n
线索,线索,线索,n
追诉,追诉,追诉,v
2,2,2,m
名,名,名,n
毒品,毒品,毒品,n
犯罪,犯罪,犯罪,vn
漏犯,漏犯,漏犯,n
3,3,3,m
名,名,名,n
洗钱,洗钱,洗钱,v
犯罪,犯罪,犯罪,vn
漏犯,漏犯,漏犯,n
 , , ,x
法治,法治,法治,n
日报,日报,日报,n
记者,记者,记者,n
新闻,新闻,新闻,n
发布会,发布会,发布会,n
上,上,上,f
获悉,获悉,获悉,v
2023,2023,2023,m
年,年,年,m
1,1,1,m
月,月,月,m
2024,2024,2024,m
年,年,年,m
5,5,5,m
月,月,月,m
全国,全国,全国,n
检察机关,检察机关,检察机关,n
共,共,共,d
批捕,批捕,批捕,v
毒品,毒品,毒品,n
犯罪,犯罪,犯罪,vn
6.1,6.1,6.1,m
万余,万余,万余,m
人,人,人,n
同比,同比,同比,j
下降,下降,下降,v
14,14,14,m
%,%,%,x
起诉,起诉,起诉,v
毒品,毒品,毒品,n
犯罪,犯罪,犯罪,vn
6.5,6.5,6.5,m
万余,万余,万余,m
人,人,人,n
同比,同比,同比,j
下降,下降,下降,v
33,33,33,m
%,%,%,x
针对,针对,针对,p
不法分子,不法分子,不法分子,l
寄递,寄递,寄递,v
渠道,渠道,渠道,n
实施,实施,实施,v
贩运,贩运,贩运,v
毒品,毒品,毒品,n
犯罪,犯罪,犯罪,vn
检察机关,检察机关,检察机关,n
加大,加大,加大,v
寄递,寄递,寄递,v
毒品,毒品,毒品,n
犯罪,犯罪,犯罪,vn
惩治,惩治,惩治,v
力度,力度,力度,n
2023,2023,2023,m
年,年,年,m
全国,全国,全国,n
检察机关,检察机关,检察机关,n
共,共,共,d
起诉,起诉,起诉,v
寄递,寄递,寄递,v
毒品,毒品,毒品,n
犯罪,犯罪,犯罪,vn
2100,2100,2100,m
余,余,余,m
人,人,人,n
 , , ,x
强化,强化,强化,v
立案监督,立案监督,立案监督,j
 , , ,x
落实,落实,落实,a
疑难,疑难,疑难,n
毒品,毒品,毒品,n
案件,案件,案件,n
提前,提前,提前,v
介入,介入,介入,v
机制,机制,机制,n
检察机关,检察机关,检察机关,n
快速,快速,快速,d
精准,精准,精准,n
打击,打击,打击,v
毒品,毒品,毒品,n
犯罪,犯罪,犯罪,vn
奠定,奠定,奠定,v
扎实,扎实,扎实,a
证据,证据,证据,n
基础,基础,基础,n
 , , ,x
提前,提前,提前,v
介入,介入,介入,v
疑难,疑难,疑难,n
毒品,毒品,毒品,n
案件,案件,案件,n
831,831,831,m
件,件,件,q
精准,精准,精准,n
引导,引导,引导,v
侦查,侦查,侦查,v
方向,方向,方向,n
源头,源头,源头,n
好,好,好,a
质量关,质量关,质量关,n
广东省,广东省,广东省,ns
人民检察院,人民检察院,人民检察院,nt
犯罪,犯罪,犯罪,vn
检察,检察,检察,vn
部,部,部,n
主任,主任,主任,b
杨雅衡,杨雅衡,杨雅衡,nr
说,说,说,v
该院,该院,该院,r
强化,强化,强化,v
自行,自行,自行,r
补充侦查,补充侦查,补充侦查,n
出台,出台,出台,v
全省,全省,全省,n
检察机关,检察机关,检察机关,n
自行,自行,自行,r
补充侦查,补充侦查,补充侦查,n
工作,工作,工作,vn
指引,指引,指引,v
共,共,共,d
毒品,毒品,毒品,n
犯罪,犯罪,犯罪,vn
自行,自行,自行,r
补充侦查,补充侦查,补充侦查,n
128,128,128,m
件,件,件,q
确保,确保,确保,v
完善,完善,完善,v
案件,案件,案件,n
证据,证据,证据,n
链条,链条,链条,n
创新,创新,创新,v
三,三,三,m
必,必,必,d
审查,审查,审查,vn
方法,方法,方法,n
审查逮捕,审查逮捕,审查逮捕,vn
必查,必查,必查,vn
审查起诉,审查起诉,审查起诉,i
必,必,必,d
问,问,问,v
审查,审查,审查,vn
报告,报告,报告,n
必,必,必,d
反馈,反馈,反馈,v
深挖,深挖,深挖,v
毒品,毒品,毒品,n
犯罪,犯罪,犯罪,vn
线索,线索,线索,n
追诉,追诉,追诉,v
毒品,毒品,毒品,n
犯罪,犯罪,犯罪,vn
漏罪,漏罪,漏罪,nz
81,81,81,m
人,人,人,n
遗漏,遗漏,遗漏,n
同案犯,同案犯,同案犯,n
226,226,226,m
人,人,人,n
确保,确保,确保,v
毒品,毒品,毒品,n
犯罪,犯罪,犯罪,vn
震慑,震慑,震慑,v
 , , ,x
我国,我国,我国,r
禁毒,禁毒,禁毒,v
形势,形势,形势,n
整体,整体,整体,n
好,好,好,a
禁毒,禁毒,禁毒,v
工作,工作,工作,vn
成效显著,成效显著,成效显著,n
受,受,受,v
国内外,国内外,国内外,s
各种因素,各种因素,各种因素,l
影响,影响,影响,vn
传统,传统,传统,n
新型,新型,新型,b
毒品,毒品,毒品,n
线,线,线,n
上,上,上,f
线下,线下,线下,n
毒品,毒品,毒品,n
交织,交织,交织,n
禁毒,禁毒,禁毒,v
形势,形势,形势,n
依然,依然,依然,d
严峻,严峻,严峻,a
 , , ,x
最高检,最高检,最高检,j
党组,党组,党组,n
成员,成员,成员,n
副检察长,副检察长,副检察长,n
陈国庆,陈国庆,陈国庆,nr
介绍,介绍,介绍,v
检察机关,检察机关,检察机关,n
发挥,发挥,发挥,v
侦查监督,侦查监督,侦查监督,n
协作,协作,协作,vn
配合,配合,配合,v
机制,机制,机制,n
作用,作用,作用,v
持续,持续,持续,vd
立案监督,立案监督,立案监督,j
侦查,侦查,侦查,v
活动,活动,活动,vn
监督,监督,监督,vn
深挖,深挖,深挖,v
毒品,毒品,毒品,n
犯罪,犯罪,犯罪,vn
线索,线索,线索,n
积极开展,积极开展,积极开展,l
自行,自行,自行,r
补充侦查,补充侦查,补充侦查,n
追捕,追捕,追捕,v
追诉,追诉,追诉,v
漏罪,漏罪,漏罪,nz
漏犯,漏犯,漏犯,n
切实增强,切实增强,切实增强,l
打击,打击,打击,v
效果,效果,效果,n
 , , ,x
最高检,最高检,最高检,j
犯罪,犯罪,犯罪,vn
检察厅,检察厅,检察厅,n
厅长,厅长,厅长,n
元明,元明,元明,nr
工作,工作,工作,vn
中,中,中,f
检察机关,检察机关,检察机关,n
持续,持续,持续,vd
毒品,毒品,毒品,n
案件,案件,案件,n
立案监督,立案监督,立案监督,j
侦查,侦查,侦查,v
活动,活动,活动,vn
监督,监督,监督,vn
深挖,深挖,深挖,v
毒品,毒品,毒品,n
犯罪,犯罪,犯罪,vn
线索,线索,线索,n
依法,依法,依法,n
追诉,追诉,追诉,v
涉毒,涉毒,涉毒,v
漏罪,漏罪,漏罪,nz
漏犯,漏犯,漏犯,n
强化,强化,强化,v
审判监督,审判监督,审判监督,n
切实,切实,切实,ad
维护,维护,维护,v
司法公正,司法公正,司法公正,nr
借助,借助,借助,v
数字,数字,数字,n
赋能,赋能,赋能,v
提升,提升,提升,v
毒品,毒品,毒品,n
案件,案件,案件,n
法律,法律,法律,n
监督,监督,监督,vn
效果,效果,效果,n
完善,完善,完善,v
办案,办案,办案,n
规范,规范,规范,n
提升,提升,提升,v
业务,业务,业务,n
能力,能力,能力,n
最高检,最高检,最高检,j
针对,针对,针对,p
毒品,毒品,毒品,n
犯罪案件,犯罪案件,犯罪案件,n
新,新,新,a
情况,情况,情况,n
新,新,新,a
法律,法律,法律,n
研究,研究,研究,vn
制,制,制,n
发,发,发,v
司法解释,司法解释,司法解释,n
办案,办案,办案,n
指导,指导,指导,n
意见,意见,意见,n
典型,典型,典型,n
案例,案例,案例,n
完善,完善,完善,v
办案,办案,办案,n
规范,规范,规范,n
 , , ,x
精准,精准,精准,n
打财,打财,打财,v
断血,断血,断血,v
 , , ,x
涉毒,涉毒,涉毒,v
资产,资产,资产,n
查处,查处,查处,v
惩治,惩治,惩治,v
毒品,毒品,毒品,n
犯罪,犯罪,犯罪,vn
内容,内容,内容,n
涉毒,涉毒,涉毒,v
资产,资产,资产,n
查处,查处,查处,v
不,不,不,d
到位,到位,到位,v
影响,影响,影响,vn
禁毒,禁毒,禁毒,v
工作,工作,工作,vn
成效,成效,成效,a
反洗钱,反洗钱,反洗钱,v
工作,工作,工作,vn
大局,大局,大局,n
 , , ,x
最高检,最高检,最高检,j
去年,去年,去年,t
7,7,7,m
月,月,月,m
下发,下发,下发,v
进一步,进一步,进一步,d
加大,加大,加大,v
涉毒,涉毒,涉毒,v
资产,资产,资产,n
查处,查处,查处,v
力度,力度,力度,n
通知,通知,通知,v
指导,指导,指导,n
检察机关,检察机关,检察机关,n
高质,高质,高质,n
效,效,效,n
办好,办好,办好,v
一个,一个,一个,m
案件,案件,案件,n
总体,总体,总体,n
依法,依法,依法,n
能动,能动,能动,v
履职,履职,履职,v
加大,加大,加大,v
涉毒,涉毒,涉毒,v
资产,资产,资产,n
查处,查处,查处,v
力度,力度,力度,n
毒品,毒品,毒品,n
犯罪,犯罪,犯罪,vn
打财,打财,打财,v
断血,断血,断血,v
元,元,元,m
明说,明说,明说,v
一年,一年,一年,m
全国,全国,全国,n
检察机关,检察机关,检察机关,n
共,共,共,d
起诉,起诉,起诉,v
涉毒,涉毒,涉毒,v
洗钱,洗钱,洗钱,v
犯罪,犯罪,犯罪,vn
1025,1025,1025,m
件,件,件,q
1212,1212,1212,m
人,人,人,n
起诉,起诉,起诉,v
窝藏,窝藏,窝藏,n
转移,转移,转移,v
隐瞒,隐瞒,隐瞒,v
毒品,毒品,毒品,n
毒,毒,毒,n
赃,赃,赃,ng
罪,罪,罪,n
47,47,47,m
件,件,件,q
67,67,67,m
人,人,人,n
毒品,毒品,毒品,n
犯罪,犯罪,犯罪,vn
中,中,中,f
涉毒,涉毒,涉毒,v
资产,资产,资产,n
提出,提出,提出,v
处置,处置,处置,v
意见,意见,意见,n
 , , ,x
元明,元明,元明,nr
工作,工作,工作,vn
中,中,中,f
检察机关,检察机关,检察机关,n
着重,着重,着重,a
审查,审查,审查,vn
涉案,涉案,涉案,v
财物,财物,财物,n
涉毒,涉毒,涉毒,v
资产,资产,资产,n
准确,准确,准确,a
区分,区分,区分,n
涉毒,涉毒,涉毒,v
资产,资产,资产,n
合法财产,合法财产,合法财产,l
犯罪分子,犯罪分子,犯罪分子,n
本人,本人,本人,r
财产,财产,财产,n
财产,财产,财产,n
毒品,毒品,毒品,n
案件,案件,案件,n
提起公诉,提起公诉,提起公诉,v
时,时,时,ng
涉案,涉案,涉案,v
财物,财物,财物,n
处置,处置,处置,v
提出,提出,提出,v
处理意见,处理意见,处理意见,n
符合,符合,符合,v
刑事诉讼法,刑事诉讼法,刑事诉讼法,n
第二百,第二百,第二百,m
九十八,九十八,九十八,m
条,条,条,n
毒品,毒品,毒品,n
犯罪分子,犯罪分子,犯罪分子,n
逃匿,逃匿,逃匿,v
通缉,通缉,通缉,v
一年,一年,一年,m
后,后,后,f
到案,到案,到案,v
死亡,死亡,死亡,v
依法,依法,依法,n
追缴,追缴,追缴,v
涉毒,涉毒,涉毒,v
资产,资产,资产,n
提出,提出,提出,v
没收,没收,没收,v
违法,违法,违法,vn
所得,所得,所得,v
申请,申请,申请,v
 , , ,x
检察机关,检察机关,检察机关,n
发挥,发挥,发挥,v
捕诉,捕诉,捕诉,v
一体,一体,一体,n
工作,工作,工作,vn
机制,机制,机制,n
优势,优势,优势,n
注重,注重,注重,v
发现,发现,发现,v
涉毒,涉毒,涉毒,v
资产,资产,资产,n
查处,查处,查处,v
线索,线索,线索,n
做好,做好,做好,v
涉毒,涉毒,涉毒,v
资产,资产,资产,n
补,补,补,v
查补,查补,查补,v
证,证,证,n
工作,工作,工作,vn
完善,完善,完善,v
涉毒,涉毒,涉毒,v
资产,资产,资产,n
证据,证据,证据,n
体系,体系,体系,n
引导,引导,引导,v
侦查,侦查,侦查,v
机关,机关,机关,n
毒品,毒品,毒品,n
犯罪案件,犯罪案件,犯罪案件,n
深挖,深挖,深挖,v
彻查,彻查,彻查,vn
福建省,福建省,福建省,ns
人民检察院,人民检察院,人民检察院,nt
主动,主动,主动,b
融入,融入,融入,v
打击,打击,打击,v
治理,治理,治理,v
涉毒,涉毒,涉毒,v
洗钱,洗钱,洗钱,v
犯罪,犯罪,犯罪,vn
工作,工作,工作,vn
大局,大局,大局,n
全省,全省,全省,n
为期,为期,为期,r
一年,一年,一年,m
半,半,半,m
打击,打击,打击,v
治理,治理,治理,v
涉毒,涉毒,涉毒,v
洗钱,洗钱,洗钱,v
犯罪,犯罪,犯罪,vn
专项,专项,专项,n
活动,活动,活动,vn
专项,专项,专项,n
工作,工作,工作,vn
抓手,抓手,抓手,v
落实,落实,落实,a
落细,落细,落细,a
一案,一案,一案,m
双,双,双,m
查,查,查,v
工作,工作,工作,vn
机制,机制,机制,n
强化,强化,强化,v
组织,组织,组织,v
部署,部署,部署,n
一体,一体,一体,n
协同,协同,协同,n
推进,推进,推进,v
四川省,四川省,四川省,ns
检察机关,检察机关,检察机关,n
办理,办理,办理,n
王某福,王某福,王某福,nr
人,人,人,n
贩卖,贩卖,贩卖,v
制造,制造,制造,v
毒品,毒品,毒品,n
洗钱,洗钱,洗钱,v
案,案,案,ng
中,中,中,f
检察机关,检察机关,检察机关,n
涉案,涉案,涉案,v
现金,现金,现金,n
1282,1282,1282,m
万余元,万余元,万余元,m
住宅,住宅,住宅,n
13,13,13,m
套,套,套,n
银行存款,银行存款,银行存款,n
541,541,541,m
万余元,万余元,万余元,m
保险金,保险金,保险金,n
601,601,601,m
万余元,万余元,万余元,m
汽车,汽车,汽车,n
11,11,11,m
辆,辆,辆,m
认定,认定,认定,v
涉毒,涉毒,涉毒,v
资产,资产,资产,n
法庭,法庭,法庭,n
审理,审理,审理,vn
后,后,后,f
依法,依法,依法,n
予以,予以,予以,v
没收,没收,没收,v
 , , ,x
推进,推进,推进,v
综合治理,综合治理,综合治理,l
 , , ,x
最高检,最高检,最高检,j
党组,党组,党组,n
提出,提出,提出,v
全面实施,全面实施,全面实施,n
数字,数字,数字,n
检察,检察,检察,vn
战略,战略,战略,n
强化,强化,强化,v
业务,业务,业务,n
主导,主导,主导,b
数据,数据,数据,n
整合,整合,整合,v
技术,技术,技术,n
支撑,支撑,支撑,v
重,重,重,a
工作,工作,工作,vn
模式,模式,模式,n
数字化,数字化,数字化,n
助力,助力,助力,n
检察工作,检察工作,检察工作,n
现代化,现代化,现代化,vn
我院,我院,我院,n
研发,研发,研发,j
毒品,毒品,毒品,n
犯罪,犯罪,犯罪,vn
网状,网状,网状,n
打击,打击,打击,v
治理,治理,治理,v
平台,平台,平台,n
大,大,大,a
数据,数据,数据,n
法律,法律,法律,n
监督,监督,监督,vn
模型,模型,模型,n
过程,过程,过程,n
中,中,中,f
遵循,遵循,遵循,v
规律,规律,规律,n
湖北省,湖北省,湖北省,ns
宜昌市,宜昌市,宜昌市,ns
伍家岗区,伍家岗区,伍家岗区,nr
人民检察院,人民检察院,人民检察院,nt
检察长,检察长,检察长,n
彭颂东,彭颂东,彭颂东,nr
介绍,介绍,介绍,v
模型,模型,模型,n
设计,设计,设计,vn
初即,初即,初即,d
紧盯,紧盯,紧盯,z
法律,法律,法律,n
监督,监督,监督,vn
社会,社会,社会,n
治理,治理,治理,v
两,两,两,m
大,大,大,a
功能,功能,功能,n
更,更,更,d
注重,注重,注重,v
办案,办案,办案,n
治理,治理,治理,v
延伸,延伸,延伸,v
大,大,大,a
数据,数据,数据,n
建立,建立,建立,v
刑事,刑事,刑事,b
打击,打击,打击,v
社会,社会,社会,n
面,面,面,n
禁毒,禁毒,禁毒,v
之间,之间,之间,f
紧密联系,紧密联系,紧密联系,n
1,1,1,m
+,+,+,x
1,1,1,m
>,>,>,x
2,2,2,m
效果,效果,效果,n
毒品,毒品,毒品,n
诉源,诉源,诉源,n
治理,治理,治理,v
 , , ,x
陈国庆,陈国庆,陈国庆,nr
最高检,最高检,最高检,j
继,继,继,v
2021,2021,2021,m
年,年,年,m
制发,制发,制发,v
七号,七号,七号,m
检察,检察,检察,vn
建议,建议,建议,n
后,后,后,f
2023,2023,2023,m
年,年,年,m
5,5,5,m
月,月,月,m
联合,联合,联合,v
国家邮政局,国家邮政局,国家邮政局,nt
相关,相关,相关,v
17,17,17,m
部门,部门,部门,n
印发,印发,印发,nz
平安,平安,平安,a
寄递,寄递,寄递,v
专项,专项,专项,n
方案,方案,方案,n
联合,联合,联合,v
寄递,寄递,寄递,v
渠道,渠道,渠道,n
安全隐患,安全隐患,安全隐患,i
排查,排查,排查,vn
整治,整治,整治,n
严防,严防,严防,v
不法分子,不法分子,不法分子,l
利用,利用,利用,n
寄递,寄递,寄递,v
渠道,渠道,渠道,n
贩运,贩运,贩运,v
毒品,毒品,毒品,n
合作,合作,合作,vn
力,力,力,n
深化,深化,深化,j
平安,平安,平安,a
寄递,寄递,寄递,v
建设,建设,建设,vn
过程,过程,过程,n
中,中,中,f
刑事,刑事,刑事,b
检察,检察,检察,vn
公益,公益,公益,n
诉讼,诉讼,诉讼,vn
检察,检察,检察,vn
行政,行政,行政,n
检察,检察,检察,vn
部门,部门,部门,n
无缝,无缝,无缝,n
衔接,衔接,衔接,v
寄递,寄递,寄递,v
全方位,全方位,全方位,m
履行,履行,履行,v
监督,监督,监督,vn
职责,职责,职责,n
综合,综合,综合,vn
监督,监督,监督,vn
局面,局面,局面,n
 , , ,x
广东省,广东省,广东省,ns
检察机关,检察机关,检察机关,n
公安,公安,公安,n
邮政,邮政,邮政,n
部门,部门,部门,n
建立,建立,建立,v
协作,协作,协作,vn
机制,机制,机制,n
联合,联合,联合,v
寄递,寄递,寄递,v
专项,专项,专项,n
共,共,共,d
办理,办理,办理,n
毒品案,毒品案,毒品案,n
55,55,55,m
件,件,件,q
办理,办理,办理,n
涉,涉,涉,v
枪支,枪支,枪支,n
爆炸物,爆炸物,爆炸物,n
危化品,危化品,危化品,n
禁止,禁止,禁止,v
寄递,寄递,寄递,v
物品,物品,物品,n
案,案,案,ng
205,205,205,m
件,件,件,q
寄递,寄递,寄递,v
保驾护航,保驾护航,保驾护航,nr
服务,服务,服务,vn
保障,保障,保障,v
长三角,长三角,长三角,ns
一体化,一体化,一体化,l
高质量,高质量,高质量,n
发展,发展,发展,vn
江苏省,江苏省,江苏省,ns
人民检察院,人民检察院,人民检察院,nt
牵头,牵头,牵头,v
联合制,联合制,联合制,n
发,发,发,v
沪,沪,沪,j
苏浙皖,苏浙皖,苏浙皖,nr
检察机关,检察机关,检察机关,n
保障,保障,保障,v
寄递,寄递,寄递,v
工作,工作,工作,vn
协作,协作,协作,vn
意见,意见,意见,n
治罪,治罪,治罪,v
治理,治理,治理,v
并重,并重,并重,v
保障,保障,保障,v
寄递,寄递,寄递,v
工作,工作,工作,vn
协作,协作,协作,vn
机制,机制,机制,n
聚焦,聚焦,聚焦,v
寄递,寄递,寄递,v
毒品,毒品,毒品,n
犯罪,犯罪,犯罪,vn
跨,跨,跨,v
区域,区域,区域,n
治理,治理,治理,v
推动,推动,推动,v
检察机关,检察机关,检察机关,n
参与,参与,参与,v
禁毒,禁毒,禁毒,v
社会,社会,社会,n
治理,治理,治理,v
省域,省域,省域,n
协作,协作,协作,vn
新,新,新,a
阶段,阶段,阶段,n
 , , ,x
下,下,下,f
一步,一步,一步,m
全国,全国,全国,n
检察机关,检察机关,检察机关,n
进一步,进一步,进一步,d
提升,提升,提升,v
毒品,毒品,毒品,n
案件,案件,案件,n
办理,办理,办理,n
质效,质效,质效,n
切实,切实,切实,ad
强化,强化,强化,v
毒品,毒品,毒品,n
犯罪案件,犯罪案件,犯罪案件,n
法律,法律,法律,n
监督,监督,监督,vn
确保,确保,确保,v
办案,办案,办案,n
效果,效果,效果,n
进一步,进一步,进一步,d
参与,参与,参与,v
毒品,毒品,毒品,n
犯罪,犯罪,犯罪,vn
源头,源头,源头,n
治理,治理,治理,v
系统,系统,系统,n
治理,治理,治理,v
依法治理,依法治理,依法治理,l
推动,推动,推动,v
构建,构建,构建,v
禁毒,禁毒,禁毒,v
综合治理,综合治理,综合治理,l
新格局,新格局,新格局,nt
陈国庆,陈国庆,陈国庆,nr
说,说,说,v
 , , ,x
本报,本报,本报,r
北京,北京,北京,ns
6,6,6,m
月,月,月,m
25,25,25,m
日讯,日讯,日讯,nz
 , , ,x
[,[,[,x
 , , ,x
责编,责编,责编,n
张悦鑫,张悦鑫,张悦鑫,nr
 , , ,x
],],],x
 , , ,x
阅读,阅读,阅读,v
剩余,剩余,剩余,v
全文,全文,全文,n
 , , ,x
相关,相关,相关,v
阅读,阅读,阅读,v
 , , ,x
心情,心情,心情,n
 , , ,x
新闻,新闻,新闻,n
表情,表情,表情,n
排行,排行,排行,v
 , , ,x
日,日,日,m
 , , ,x
/,/,/,x
 , , ,x
周,周,周,nr
 , , ,x
开心,开心,开心,v
 , , ,x
0,0,0,x
 , , ,x
难过,难过,难过,v
 , , ,x
0,0,0,x
 , , ,x
点,点,点,m
赞,赞,赞,v
 , , ,x
0,0,0,x
 , , ,x
飘过,飘过,飘过,v
 , , ,x
0,0,0,x
 , , ,x
视觉,视觉,视觉,n
焦点,焦点,焦点,n
 , , ,x
习近平,习近平,习近平,nrfg
出席,出席,出席,v
哈萨克斯坦,哈萨克斯坦,哈萨克斯坦,nrt
总统,总统,总统,n
托,托,托,v
卡耶夫,卡耶夫,卡耶夫,nr
欢迎仪式,欢迎仪式,欢迎仪式,l
 , , ,x
习近平,习近平,习近平,nrfg
哈萨克斯坦,哈萨克斯坦,哈萨克斯坦,nrt
总统,总统,总统,n
托,托,托,v
卡耶夫,卡耶夫,卡耶夫,nr
小,小,小,a
晤谈,晤谈,晤谈,v
 , , ,x
最,最,最,d
热,热,热,n
文章,文章,文章,n
 , , ,x
国家,国家,国家,n
主席,主席,主席,n
习近平,习近平,习近平,nrfg
会见,会见,会见,n
吉尔吉斯斯坦,吉尔吉斯斯坦,吉尔吉斯斯坦,nrt
总统,总统,总统,n
扎,扎,扎,v
帕罗,帕罗,帕罗,nrt
夫,夫,夫,n
 , , ,x
1,1,1,x
 , , ,x
国家,国家,国家,n
主席,主席,主席,n
习近平,习近平,习近平,nrfg
会见,会见,会见,n
阿塞拜疆,阿塞拜疆,阿塞拜疆,ns
总统,总统,总统,n
阿利耶夫,阿利耶夫,阿利耶夫,nrt
 , , ,x
2,2,2,x
 , , ,x
国家,国家,国家,n
主席,主席,主席,n
习近平,习近平,习近平,nrfg
会见,会见,会见,n
乌兹别克斯坦,乌兹别克斯坦,乌兹别克斯坦,ns
总统,总统,总统,n
米尔,米尔,米尔,nrt
济,济,济,j
约耶夫,约耶夫,约耶夫,nrt
 , , ,x
3,3,3,x
 , , ,x
习近平,习近平,习近平,nrfg
哈萨克斯坦,哈萨克斯坦,哈萨克斯坦,nrt
总统,总统,总统,n
托,托,托,v
卡耶夫,卡耶夫,卡耶夫,nr
视频,视频,视频,n
方式,方式,方式,n
出席,出席,出席,v
中欧,中欧,中欧,ns
跨,跨,跨,v
里海,里海,里海,ns
直达,直达,直达,v
快运,快运,快运,n
开通,开通,开通,v
仪式,仪式,仪式,n
 , , ,x
4,4,4,x
 , , ,x
习近平,习近平,习近平,nrfg
主席,主席,主席,n
中亚,中亚,中亚,ns
之行,之行,之行,r
歌声,歌声,歌声,n
中,中,中,f
开启,开启,开启,v
 , , ,x
爱,爱,爱,v
 , , ,x
5,5,5,x
 , , ,x
塔吉克斯坦,塔吉克斯坦,塔吉克斯坦,nrt
各界,各界,各界,r
期待,期待,期待,v
习近平,习近平,习近平,nrfg
主席,主席,主席,n
塔,塔,塔,ns
国事访问,国事访问,国事访问,n
 , , ,x
6,6,6,x
 , , ,x
习言,习言,习言,n
道,道,道,q
几位,几位,几位,m
哈萨克斯坦,哈萨克斯坦,哈萨克斯坦,nrt
人,人,人,n
习近平,习近平,习近平,nrfg
称为,称为,称为,v
友好使者,友好使者,友好使者,n
 , , ,x
7,7,7,x
 , , ,x
时政,时政,时政,n
vlog,vlog,vlog,eng
 , , ,x
直升机,直升机,直升机,n
伴飞,伴飞,伴飞,v
 , , ,x
摩托车,摩托车,摩托车,nz
队,队,队,n
护卫,护卫,护卫,nz
 , , ,x
第一次,第一次,第一次,m
"""","""","""",x
蓝毯,蓝毯,蓝毯,n
"""","""","""",x
 , , ,x
8,8,8,x
 , , ,x
凝力,凝力,凝力,n
共,共,共,d
赢,赢,赢,v
助力,助力,助力,n
全球,全球,全球,n
贸易,贸易,贸易,vn
互联互通,互联互通,互联互通,l
 , , ,x
上合,上合,上合,v
组织,组织,组织,v
树立,树立,树立,v
合作,合作,合作,vn
典范,典范,典范,n
 , , ,x
9,9,9,x
 , , ,x
习近平,习近平,习近平,nrfg
喜欢,喜欢,喜欢,v
典故,典故,典故,n
第三季,第三季,第三季,m
哈萨克斯坦,哈萨克斯坦,哈萨克斯坦,nrt
播出,播出,播出,v
 , , ,x
10,10,10,m
 , , ,x
独家,独家,独家,n
策划,策划,策划,n
 , , ,x
庆祝,庆祝,庆祝,v
中国共产党,中国共产党,中国共产党,nt
 , , ,x
成立,成立,成立,v
103,103,103,m
周年,周年,周年,t
 , , ,x
党纪,党纪,党纪,n
学习,学习,学习,v
教育,教育,教育,vn
 , , ,x
30,30,30,m
届,届,届,m
北京,北京,北京,ns
国际,国际,国际,n
图书,图书,图书,n
博览会,博览会,博览会,n
 , , ,x
高质量,高质量,高质量,n
发展,发展,发展,vn
调研,调研,调研,vn
行,行,行,zg
 , , ,x
第二十届,第二十届,第二十届,m
中国,中国,中国,ns
深圳,深圳,深圳,ns
国际,国际,国际,n
文化产业,文化产业,文化产业,n
博览,博览,博览,nr
交易会,交易会,交易会,nt
 , , ,x
2024,2024,2024,m
全国,全国,全国,n
两会,两会,两会,m
 , , ,x
推荐,推荐,推荐,v
阅读,阅读,阅读,v
 , , ,x
神,神,神,n
十八,十八,十八,m
航天员,航天员,航天员,n
乘组,乘组,乘组,n
择机,择机,择机,d
二次,二次,二次,m
出,出,出,v
舱,舱,舱,n
 , , ,x
中国,中国,中国,ns
载人,载人,载人,n
航天,航天,航天,n
工程,工程,工程,n
办公室,办公室,办公室,n
2,2,2,m
日,日,日,m
消息,消息,消息,n
神舟,神舟,神舟,nz
十八号,十八号,十八号,m
航天员,航天员,航天员,n
乘组,乘组,乘组,n
状态,状态,状态,n
空间站,空间站,空间站,n
组合体,组合体,组合体,n
运行,运行,运行,v
稳定,稳定,稳定,a
80,80,80,m
后,后,后,f
乘组,乘组,乘组,n
近日,近日,近日,t
择机,择机,择机,d
实施,实施,实施,v
第二次,第二次,第二次,m
出,出,出,v
舱,舱,舱,n
活动,活动,活动,vn
 , , ,x
2024,2024,2024,m
-,-,-,x
07,07,07,m
-,-,-,x
03,03,03,m
 , , ,x
04,04,04,m
:,:,:,x
45,45,45,m
 , , ,x
智慧,智慧,智慧,nr
粮仓,粮仓,粮仓,n
优粮,优粮,优粮,n
优储,优储,优储,vn
 , , ,x
智能,智能,智能,n
检测,检测,检测,vn
智慧,智慧,智慧,nr
监管,监管,监管,vn
可视化,可视化,可视化,n
粮库,粮库,粮库,n
粮食,粮食,粮食,n
储备,储备,储备,vn
越来越,越来越,越来越,d
智慧,智慧,智慧,nr
化,化,化,n
 , , ,x
2024,2024,2024,m
-,-,-,x
07,07,07,m
-,-,-,x
03,03,03,m
 , , ,x
10,10,10,m
:,:,:,x
24,24,24,m
 , , ,x
无人机,无人机,无人机,l
外卖,外卖,外卖,v
从天而降,从天而降,从天而降,i
 , , ,x
野外,野外,野外,s
踏青,踏青,踏青,z
点,点,点,q
外卖,外卖,外卖,v
几分钟,几分钟,几分钟,m
送到,送到,送到,v
四川,四川,四川,ns
成都,成都,成都,ns
彭州市,彭州市,彭州市,ns
郊外,郊外,郊外,s
山区,山区,山区,ns
深处,深处,深处,s
天空,天空,天空,n
眼,眼,眼,n
无人机,无人机,无人机,l
试验,试验,试验,vn
基地,基地,基地,n
谭晓雪,谭晓雪,谭晓雪,nr
打开,打开,打开,v
送,送,送,v
空运,空运,空运,n
手机,手机,手机,n
小,小,小,a
程序,程序,程序,n
点,点,点,m
一杯,一杯,一杯,m
咖啡,咖啡,咖啡,n
不到,不到,不到,v
十分钟,十分钟,十分钟,m
一架,一架,一架,m
无人机,无人机,无人机,l
稳稳,稳稳,稳稳,a
降落,降落,降落,v
面前,面前,面前,f
平台,平台,平台,n
打开,打开,打开,v
货箱,货箱,货箱,n
一杯,一杯,一杯,m
咖啡,咖啡,咖啡,n
安放,安放,安放,v
 , , ,x
2024,2024,2024,m
-,-,-,x
07,07,07,m
-,-,-,x
03,03,03,m
 , , ,x
04,04,04,m
:,:,:,x
45,45,45,m
 , , ,x
抢救,抢救,抢救,v
黄金,黄金,黄金,n
四分钟,四分钟,四分钟,mq
人人,人人,人人,n
都,都,都,d
应,应,应,v
 , , ,x
近期,近期,近期,t
运动,运动,运动,vn
状态,状态,状态,n
下,下,下,f
心源性,心源性,心源性,n
猝死,猝死,猝死,v
引发,引发,引发,v
关注,关注,关注,v
专家,专家,专家,n
提醒,提醒,提醒,v
心源性,心源性,心源性,n
猝死,猝死,猝死,v
抢救,抢救,抢救,v
中,中,中,f
黄金,黄金,黄金,n
四分钟,四分钟,四分钟,mq
至关重要,至关重要,至关重要,l
人人,人人,人人,n
都,都,都,d
 , , ,x
2024,2024,2024,m
-,-,-,x
07,07,07,m
-,-,-,x
03,03,03,m
 , , ,x
10,10,10,m
:,:,:,x
25,25,25,m
 , , ,x
探营,探营,探营,vn
世界,世界,世界,n
人工智能,人工智能,人工智能,n
大会,大会,大会,n
 , , ,x
2024,2024,2024,m
世界,世界,世界,n
人工智能,人工智能,人工智能,n
大会,大会,大会,n
4,4,4,m
日,日,日,m
开幕,开幕,开幕,v
大会,大会,大会,n
不少,不少,不少,d
新面孔,新面孔,新面孔,n
大,大,大,a
模型,模型,模型,n
带动,带动,带动,v
下,下,下,f
人工智能,人工智能,人工智能,n
市场,市场,市场,n
上,上,上,f
找到,找到,找到,v
落地,落地,落地,n
方案,方案,方案,n
 , , ,x
2024,2024,2024,m
-,-,-,x
07,07,07,m
-,-,-,x
03,03,03,m
 , , ,x
10,10,10,m
:,:,:,x
24,24,24,m
 , , ,x
智能,智能,智能,n
语音,语音,语音,n
技术,技术,技术,n
人机交互,人机交互,人机交互,v
更,更,更,d
丝,丝,丝,n
滑,滑,滑,v
 , , ,x
传,传,传,n
系统,系统,系统,n
采用,采用,采用,v
技术,技术,技术,n
正,正,正,d
来自,来自,来自,v
不久前,不久前,不久前,t
2023,2023,2023,m
年度,年度,年度,n
国家,国家,国家,n
科学技术,科学技术,科学技术,n
进步奖,进步奖,进步奖,n
一等奖,一等奖,一等奖,n
多语种,多语种,多语种,n
智能,智能,智能,n
语音,语音,语音,n
关键技术,关键技术,关键技术,n
产业化,产业化,产业化,n
项目,项目,项目,n
 , , ,x
2024,2024,2024,m
-,-,-,x
07,07,07,m
-,-,-,x
02,02,02,m
 , , ,x
08,08,08,m
:,:,:,x
58,58,58,m
 , , ,x
学者,学者,学者,n
生物,生物,生物,n
DNA,dna,DNA,eng
分子,分子,分子,n
存储,存储,存储,j
医学,医学,医学,n
数据,数据,数据,n
 , , ,x
科研,科研,科研,n
团队,团队,团队,n
改进,改进,改进,v
编码,编码,编码,n
模型,模型,模型,n
引入,引入,引入,v
冗余,冗余,冗余,a
核苷酸,核苷酸,核苷酸,n
设计,设计,设计,vn
索引,索引,索引,nr
技术,技术,技术,n
MRI,mri,MRI,eng
数据,数据,数据,n
可靠,可靠,可靠,v
归档,归档,归档,v
检索,检索,检索,vn
 , , ,x
2024,2024,2024,m
-,-,-,x
07,07,07,m
-,-,-,x
02,02,02,m
 , , ,x
08,08,08,m
:,:,:,x
58,58,58,m
 , , ,x
广州,广州,广州,ns
长隆,长隆,长隆,ns
熊猫,熊猫,熊猫,nr
三胞胎,三胞胎,三胞胎,n
老大,老大,老大,a
萌,萌,萌,v
萌当,萌当,萌当,v
妈妈,妈妈,妈妈,n
 , , ,x
2024,2024,2024,m
-,-,-,x
07,07,07,m
-,-,-,x
03,03,03,m
 , , ,x
04,04,04,m
:,:,:,x
45,45,45,m
 , , ,x
北京,北京,北京,ns
亦庄,亦庄,亦庄,nr
建,建,建,v
全域,全域,全域,n
人工智能,人工智能,人工智能,n
城,城,城,n
 , , ,x
日前,日前,日前,t
北京,北京,北京,ns
亦庄,亦庄,亦庄,nr
全域,全域,全域,n
人工智能,人工智能,人工智能,n
城,城,城,n
创新,创新,创新,v
发布会,发布会,发布会,n
上,上,上,f
北京经济技术开发区,北京经济技术开发区,北京经济技术开发区,nt
管委会,管委会,管委会,j
相关,相关,相关,v
负责人,负责人,负责人,n
全球,全球,全球,n
企业,企业,企业,n
发布,发布,发布,v
招贤,招贤,招贤,nr
榜,榜,榜,n
推动,推动,推动,v
建设,建设,建设,vn
人工智能,人工智能,人工智能,n
城,城,城,n
 , , ,x
2024,2024,2024,m
-,-,-,x
07,07,07,m
-,-,-,x
02,02,02,m
 , , ,x
04,04,04,m
:,:,:,x
05,05,05,m
 , , ,x
玩,玩,玩,v
做用,做用,做用,v
创中,创中,创中,v
做好,做好,做好,v
科学,科学,科学,n
教育,教育,教育,vn
加法,加法,加法,v
 , , ,x
近日,近日,近日,t
2023,2023,2023,m
年度,年度,年度,n
国家,国家,国家,n
科学技术,科学技术,科学技术,n
奖,奖,奖,n
颁发,颁发,颁发,v
科学,科学,科学,n
教育,教育,教育,vn
再,再,再,d
关注,关注,关注,v
热点,热点,热点,n
 , , ,x
2024,2024,2024,m
-,-,-,x
07,07,07,m
-,-,-,x
02,02,02,m
 , , ,x
04,04,04,m
:,:,:,x
40,40,40,m
 , , ,x
风云,风云,风云,n
三号,三号,三号,m
F,f,F,eng
星,星,星,n
正式,正式,正式,ad
投入,投入,投入,v
运行,运行,运行,v
 , , ,x
1,1,1,m
日,日,日,m
风云,风云,风云,n
三号,三号,三号,m
F,f,F,eng
星,星,星,n
简称,简称,简称,v
F,f,F,eng
星,星,星,n
正式,正式,正式,ad
投入,投入,投入,v
业务,业务,业务,n
运行,运行,运行,v
接棒,接棒,接棒,n
风云,风云,风云,n
三号,三号,三号,m
C,c,C,eng
星,星,星,n
全球,全球,全球,n
气,气,气,n
系统,系统,系统,n
综合,综合,综合,vn
探测,探测,探测,v
业务,业务,业务,n
部署,部署,部署,n
F,f,F,eng
星,星,星,n
尽快,尽快,尽快,d
轨,轨,轨,n
风云,风云,风云,n
气象卫星,气象卫星,气象卫星,n
组网,组网,组网,v
业务,业务,业务,n
运行,运行,运行,v
 , , ,x
2024,2024,2024,m
-,-,-,x
07,07,07,m
-,-,-,x
02,02,02,m
 , , ,x
04,04,04,m
:,:,:,x
05,05,05,m
 , , ,x
33,33,33,m
项,项,项,n
国家,国家,国家,n
计量,计量,计量,n
技术规范,技术规范,技术规范,n
发布,发布,发布,v
 , , ,x
涉及,涉及,涉及,v
定位导航,定位导航,定位导航,n
医疗,医疗,医疗,n
健康,健康,健康,a
领域,领域,领域,n
 , , ,x
市场监管,市场监管,市场监管,n
总局,总局,总局,n
日前,日前,日前,t
发布,发布,发布,v
33,33,33,m
项,项,项,n
国家,国家,国家,n
计量,计量,计量,n
技术规范,技术规范,技术规范,n
涉及,涉及,涉及,v
定位导航,定位导航,定位导航,n
海洋,海洋,海洋,ns
观测,观测,观测,vn
新能源,新能源,新能源,n
医疗,医疗,医疗,n
健康,健康,健康,a
多个,多个,多个,m
领域,领域,领域,n
新,新,新,a
修订,修订,修订,v
国家,国家,国家,n
计量,计量,计量,n
技术规范,技术规范,技术规范,n
管理,管理,管理,vn
办法,办法,办法,n
2024,2024,2024,m
年,年,年,m
5,5,5,m
月,月,月,m
1,1,1,m
日,日,日,m
施行,施行,施行,v
该局,该局,该局,r
发布,发布,发布,v
第一批,第一批,第一批,m
国家,国家,国家,n
计量,计量,计量,n
技术规范,技术规范,技术规范,n
 , , ,x
2024,2024,2024,m
-,-,-,x
07,07,07,m
-,-,-,x
02,02,02,m
 , , ,x
04,04,04,m
:,:,:,x
05,05,05,m
 , , ,x
首个,首个,首个,m
海上,海上,海上,s
超深,超深,超深,b
大,大,大,n
位移,位移,位移,v
井,井,井,zg
项目,项目,项目,n
投产,投产,投产,vn
 , , ,x
大,大,大,a
位移,位移,位移,v
井,井,井,zg
技术,技术,技术,n
开发,开发,开发,v
动用,动用,动用,n
海上,海上,海上,s
边际,边际,边际,n
油田,油田,油田,n
储量,储量,储量,n
利器,利器,利器,n
采用,采用,采用,v
大,大,大,a
位移,位移,位移,v
井,井,井,zg
技术,技术,技术,n
节省,节省,节省,n
40,40,40,m
%,%,%,x
投资,投资,投资,vn
费用,费用,费用,n
油田,油田,油田,n
具备,具备,具备,v
开采,开采,开采,v
价值,价值,价值,n
技术,技术,技术,n
扩增,扩增,扩增,v
南海,南海,南海,ns
东部,东部,东部,f
边际,边际,边际,n
油田,油田,油田,n
储量,储量,储量,n
超,超,超,v
5000,5000,5000,m
万吨,万吨,万吨,m
 , , ,x
2024,2024,2024,m
-,-,-,x
07,07,07,m
-,-,-,x
01,01,01,m
 , , ,x
09,09,09,m
:,:,:,x
40,40,40,m
 , , ,x
挺进,挺进,挺进,v
凝聚态,凝聚态,凝聚态,n
物理,物理,物理,n
国际,国际,国际,n
前沿,前沿,前沿,s
 , , ,x
生长,生长,生长,n
测量,测量,测量,vn
1000,1000,1000,m
多个,多个,多个,m
样品,样品,样品,n
一步步,一步步,一步步,m
提高,提高,提高,v
样品,样品,样品,n
质量,质量,质量,n
2012,2012,2012,m
年底,年底,年底,t
薛其坤,薛其坤,薛其坤,nr
团队,团队,团队,n
终于,终于,终于,d
成功,成功,成功,a
实验,实验,实验,vn
中,中,中,f
观测,观测,观测,vn
量子,量子,量子,n
反常,反常,反常,d
霍尔,霍尔,霍尔,nr
效应,效应,效应,n
 , , ,x
2024,2024,2024,m
-,-,-,x
07,07,07,m
-,-,-,x
01,01,01,m
 , , ,x
09,09,09,m
:,:,:,x
39,39,39,m
 , , ,x
海上,海上,海上,s
厦大,厦大,厦大,ns
生物,生物,生物,n
地球化学,地球化学,地球化学,n
科考,科考,科考,nr
团队,团队,团队,n
踏浪逐波,踏浪逐波,踏浪逐波,i
 , , ,x
探秘,探秘,探秘,nr
深蓝,深蓝,深蓝,b
 , , ,x
清晨,清晨,清晨,t
太阳,太阳,太阳,ns
海平面,海平面,海平面,n
上,上,上,f
缓缓,缓缓,缓缓,d
升起,升起,升起,v
一艘,一艘,一艘,m
蓝白,蓝白,蓝白,nr
相间,相间,相间,n
船舶,船舶,船舶,n
热闹,热闹,热闹,a
一个,一个,一个,m
重达,重达,重达,a
2.5,2.5,2.5,m
吨,吨,吨,m
ROV,rov,ROV,eng
无人,无人,无人,n
揽,揽,揽,v
控,控,控,v
潜水器,潜水器,潜水器,n
基础,基础,基础,n
平台,平台,平台,n
艉,艉,艉,g
甲板,甲板,甲板,n
缓缓,缓缓,缓缓,d
吊起,吊起,吊起,v
布,布,布,nr
放入,放入,放入,v
水,水,水,n
展开,展开,展开,v
测试,测试,测试,vn
工作,工作,工作,vn
 , , ,x
2024,2024,2024,m
-,-,-,x
06,06,06,m
-,-,-,x
30,30,30,m
 , , ,x
04,04,04,m
:,:,:,x
10,10,10,m
 , , ,x
超级,超级,超级,b
工程,工程,工程,n
深中,深中,深中,s
通道,通道,通道,v
正式,正式,正式,ad
通车,通车,通车,n
试运营,试运营,试运营,n
 , , ,x
6,6,6,m
月,月,月,m
30,30,30,m
日,日,日,m
举世瞩目,举世瞩目,举世瞩目,i
粤港澳,粤港澳,粤港澳,ns
大湾,大湾,大湾,ns
区,区,区,n
超级,超级,超级,b
工程,工程,工程,n
深中,深中,深中,s
通道,通道,通道,v
正式,正式,正式,ad
通车,通车,通车,n
试运营,试运营,试运营,n
深圳,深圳,深圳,ns
中山,中山,中山,ns
车程,车程,车程,n
从此,从此,从此,c
前,前,前,f
约,约,约,d
2,2,2,m
小时,小时,小时,n
缩短,缩短,缩短,v
30,30,30,m
分钟,分钟,分钟,q
 , , ,x
2024,2024,2024,m
-,-,-,x
07,07,07,m
-,-,-,x
01,01,01,m
 , , ,x
06,06,06,m
:,:,:,x
10,10,10,m
 , , ,x
做,做,做,v
工业,工业,工业,n
机器人,机器人,机器人,n
最强,最强,最强,a
大脑,大脑,大脑,n
 , , ,x
7,7,7,x
年前,年前,年前,t
脱下,脱下,脱下,v
博士,博士,博士,n
服穿,服穿,服穿,v
上,上,上,f
蓝色,蓝色,蓝色,n
工装,工装,工装,n
新松,新松,新松,n
公司,公司,公司,n
一名,一名,一名,m
研发,研发,研发,j
人员,人员,人员,n
年,年,年,m
怀着,怀着,怀着,v
新松,新松,新松,n
工业,工业,工业,n
机器人,机器人,机器人,n
技术水平,技术水平,技术水平,n
赶超,赶超,赶超,v
国外,国外,国外,s
国产,国产,国产,n
机器人,机器人,机器人,n
核心,核心,核心,n
控制器,控制器,控制器,n
自研,自研,自研,vn
自产,自产,自产,vn
目标,目标,目标,n
全力以赴,全力以赴,全力以赴,i
攻克,攻克,攻克,v
工业,工业,工业,n
机器人,机器人,机器人,n
控制器,控制器,控制器,n
创新,创新,创新,v
研发,研发,研发,j
高地,高地,高地,n
助力,助力,助力,n
新松,新松,新松,n
工业,工业,工业,n
机器人,机器人,机器人,n
国际,国际,国际,n
市场,市场,市场,n
角逐,角逐,角逐,v
中,中,中,f
擦亮,擦亮,擦亮,v
中国,中国,中国,ns
智造,智造,智造,n
牌匾,牌匾,牌匾,n
 , , ,x
2024,2024,2024,m
-,-,-,x
07,07,07,m
-,-,-,x
01,01,01,m
 , , ,x
06,06,06,m
:,:,:,x
20,20,20,m
 , , ,x
改革,改革,改革,vn
科技,科技,科技,n
强国,强国,强国,n
建设,建设,建设,vn
提供,提供,提供,v
不竭,不竭,不竭,v
动力,动力,动力,n
 , , ,x
建设,建设,建设,vn
科技,科技,科技,n
强国,强国,强国,n
动力,动力,动力,n
改革,改革,改革,vn
唯有,唯有,唯有,b
改革,改革,改革,vn
党,党,党,n
十八,十八,十八,m
大,大,大,a
习近平,习近平,习近平,nrfg
同志,同志,同志,n
核心,核心,核心,n
党中央,党中央,党中央,nt
科技体制,科技体制,科技体制,n
改革,改革,改革,vn
作出,作出,作出,v
一系列,一系列,一系列,m
战略部署,战略部署,战略部署,n
指引,指引,指引,v
推动,推动,推动,v
科技体制,科技体制,科技体制,n
改革,改革,改革,vn
持续,持续,持续,vd
深化,深化,深化,j
 , , ,x
2024,2024,2024,m
-,-,-,x
07,07,07,m
-,-,-,x
01,01,01,m
 , , ,x
06,06,06,m
:,:,:,x
05,05,05,m
 , , ,x
骨髓,骨髓,骨髓,n
转化,转化,转化,v
白细胞,白细胞,白细胞,n
神经纤维,神经纤维,神经纤维,l
再生,再生,再生,v
 , , ,x
一项,一项,一项,m
新,新,新,a
研究,研究,研究,vn
中,中,中,f
美国,美国,美国,ns
俄亥俄,俄亥俄,俄亥俄,ns
州立大学,州立大学,州立大学,n
神经,神经,神经,n
科学家,科学家,科学家,n
培育出,培育出,培育出,n
一种,一种,一种,m
类型,类型,类型,n
人类,人类,人类,n
白,白,白,a
血细胞,血细胞,血细胞,n
神经纤维,神经纤维,神经纤维,l
再生,再生,再生,v
最终目标,最终目标,最终目标,l
开发,开发,开发,v
出,出,出,v
利用,利用,利用,n
细胞,细胞,细胞,n
治疗,治疗,治疗,v
方法,方法,方法,n
逆转,逆转,逆转,v
视神经,视神经,视神经,n
大脑,大脑,大脑,n
脊髓,脊髓,脊髓,n
损伤,损伤,损伤,v
恢复,恢复,恢复,v
患者,患者,患者,n
神经功能,神经功能,神经功能,n
 , , ,x
2024,2024,2024,m
-,-,-,x
06,06,06,m
-,-,-,x
28,28,28,m
 , , ,x
10,10,10,m
:,:,:,x
47,47,47,m
 , , ,x
中国,中国,中国,ns
高质量,高质量,高质量,n
发展,发展,发展,vn
世界,世界,世界,n
带来,带来,带来,v
新机遇,新机遇,新机遇,n
 , , ,x
本报记者,本报记者,本报记者,n
 , , ,x
余晓葵,余晓葵,余晓葵,n
摄,摄,摄,v
/,/,/,x
光明,光明,光明,n
图片,图片,图片,n
6,6,6,m
月,月,月,m
25,25,25,m
日,日,日,m
与会,与会,与会,v
嘉宾,嘉宾,嘉宾,ns
交流,交流,交流,n
讨论,讨论,讨论,v
 , , ,x
世界,世界,世界,n
经济,经济,经济,n
论坛,论坛,论坛,n
公布,公布,公布,v
最新,最新,最新,d
一批,一批,一批,m
全球,全球,全球,n
153,153,153,m
座,座,座,q
灯塔,灯塔,灯塔,n
工厂,工厂,工厂,n
中,中,中,f
62,62,62,m
家,家,家,m
中国,中国,中国,ns
企业,企业,企业,n
不乏,不乏,不乏,v
光伏,光伏,光伏,j
新能源,新能源,新能源,n
汽车,汽车,汽车,n
高科技,高科技,高科技,nz
企业,企业,企业,n
 , , ,x
2024,2024,2024,m
-,-,-,x
06,06,06,m
-,-,-,x
28,28,28,m
 , , ,x
10,10,10,m
:,:,:,x
25,25,25,m
 , , ,x
加载,加载,加载,v
更,更,更,d
 , , ,x
光明网,光明网,光明网,n
版权所有,版权所有,版权所有,n
 , , ,x
光明日报社,光明日报社,光明日报社,nt
概况,概况,概况,n
 , , ,x
光明网,光明网,光明网,n
 , , ,x
报网,报网,报网,n
动态,动态,动态,n
 , , ,x
 , , ,x
法律,法律,法律,n
声明,声明,声明,n
 , , ,x
光明网,光明网,光明网,n
邮箱,邮箱,邮箱,n
 , , ,x
网站,网站,网站,n
地图,地图,地图,n
