surface,normalized,dictionary,pos
고급,고급,고급,Noun
두뇌,두뇌,두뇌,Noun
위,위,위,Noun
한,한,한,Josa
하이,하이,하이,Noun
브레인,브레인,브레인,Noun
(hibrain.net,(hibrain.net,(hibrain.net,URL
고객,고객,고객,Noun
센터,센터,센터,Noun
상품,상품,상품,Noun
소개,소개,소개,Noun
상품,상품,상품,Noun
신청,신청,신청,Noun
회원,회원,회원,Noun
가입,가입,가입,Noun
로그인,로그인,로그인,Noun
하이,하이,하이,Noun
브레인,브레인,브레인,Noun
서비스,서비스,서비스,Noun
메뉴,메뉴,메뉴,Noun
채용정보,채용정보,채용정보,Noun
대학원생,대학원생,대학원생,Noun
모집,모집,모집,Noun
학술,학술,학술,Noun
연구,연구,연구,Noun
정보,정보,정보,Noun
브레인,브레인,브레인,Noun
카페,카페,카페,Noun
해외,해외,해외,Noun
연수,연수,연수,Noun
마이,마이,마이,Noun
메뉴,메뉴,메뉴,Noun
전체,전체,전체,Noun
메뉴,메뉴,메뉴,Noun
보기,보기,보기,Noun
STEP,STEP,STEP,Alpha
01,01,01,Number
약관,약관,약관,Noun
동의,동의,동의,Noun
STEP,STEP,STEP,Alpha
02,02,02,Number
본인,본인,본인,Noun
인증,인증,인증,Noun
STEP,STEP,STEP,Alpha
03,03,03,Number
회원정보,회원정보,회원정보,Noun
입력,입력,입력,Noun
하이,하이,하이,Noun
브레인,브레인,브레인,Noun
회원,회원,회원,Noun
약관,약관,약관,Noun
",",",",",",Punctuation
개인정보,개인정보,개인정보,Noun
처리,처리,처리,Noun
방침,방침,방침,Noun
",",",",",",Punctuation
프로모션,프로모션,프로모션,Noun
정보,정보,정보,Noun
이메일,이메일,이메일,Noun
수신,수신,수신,Noun
선택,선택,선택,Noun
동의,동의,동의,Noun
합니다,합니다,하다,Verb
.,.,.,Punctuation
하이,하이,하이,Noun
브레인,브레인,브레인,Noun
회원,회원,회원,Noun
약관,약관,약관,Noun
동의,동의,동의,Noun
필수,필수,필수,Noun
1,1,1,Number
장,장,장,Noun
총,총,총,Noun
칙,칙,칙,Noun
1조,1조,1조,Number
목적,목적,목적,Noun
본,본,보다,Verb
약관,약관,약관,Noun
은,은,은,Josa
하이,하이,하이,Noun
브레인,브레인,브레인,Noun
이하,이하,이하,Noun
회사,회사,회사,Noun
제공,제공,제공,Noun
하는,하는,하다,Verb
제반,제반,제반,Noun
서비스,서비스,서비스,Noun
관련,관련,관련,Noun
하여,하여,하다,Verb
회사,회사,회사,Noun
이용자,이용자,이용자,Noun
권리,권리,권리,Noun
⋅,⋅,⋅,Foreign
의무,의무,의무,Noun
책임,책임,책임,Noun
사항,사항,사항,Noun
필요한,필요한,필요하다,Adjective
사항,사항,사항,Noun
규정,규정,규정,Noun
함,함,함,Noun
목적,목적,목적,Noun
합니다,합니다,하다,Verb
.,.,.,Punctuation
2조,2조,2조,Number
정의,정의,정의,Noun
본,본,보다,Verb
약관,약관,약관,Noun
용어,용어,용어,Noun
정의,정의,정의,Noun
는,는,는,Josa
같습니다,같습니다,같다,Adjective
.,.,.,Punctuation
①,①,①,Foreign
사이트,사이트,사이트,Noun
는,는,늘다,Verb
회사,회사,회사,Noun
제공,제공,제공,Noun
하는,하는,하다,Verb
서비스,서비스,서비스,Noun
이용자,이용자,이용자,Noun
제공,제공,제공,Noun
하기,하기,하다,Verb
위해,위해,위해,Noun
운영,운영,운영,Noun
하는,하는,하다,Verb
웹사이트,웹사이트,웹사이트,Noun
",",",",",",Punctuation
모바일,모바일,모바일,Noun
웹,웹,웹,Noun
",",",",",",Punctuation
앱,앱,앱,Noun
모든,모든,모든,Noun
매체,매체,매체,Noun
포함,포함,포함,Noun
하는,하는,하다,Verb
용어,용어,용어,Noun
입니다,입니다,이다,Adjective
.,.,.,Punctuation
이용자,이용자,이용자,Noun
은,은,은,Josa
회원,회원,회원,Noun
계정,계정,계정,Noun
아이디,아이디,아이디,Noun
비밀번호,비밀번호,비밀번호,Noun
사용,사용,사용,Noun
하여,하여,하다,Verb
해당,해당,해당,Noun
사이트,사이트,사이트,Noun
제공,제공,제공,Noun
하는,하는,하다,Verb
다양한,다양한,다양하다,Adjective
서비스,서비스,서비스,Noun
이용,이용,이용,Noun
할,할,하다,Verb
수,수,수,Noun
있습니다,있습니다,있다,Adjective
.,.,.,Punctuation
회사,회사,회사,Noun
운영,운영,운영,Noun
하는,하는,하다,Verb
사이트,사이트,사이트,Noun
는,는,는,Josa
아래,아래,아래,Noun
같습니다,같습니다,같다,Adjective
.,.,.,Punctuation
사이트,사이트,사이트,Noun
명,명,명,Suffix
사이트,사이트,사이트,Noun
접속,접속,접속,Noun
주소,주소,주소,Noun
하이,하이,하이,Noun
브레인,브레인,브레인,Noun
www.hibrain.net,www.hibrain.net,www.hibrain.net,URL
m.hibrain.net,m.hibrain.net,m.hibrain.net,URL
글로벌,글로벌,글로벌,Noun
하이,하이,하이,Noun
브레인,브레인,브레인,Noun
global.hibrain.net,global.hibrain.net,global.hibrain.net,URL
하이,하이,하이,Noun
드넷,드넷,드넷,Noun
www.higrad.net,www.higrad.net,www.higrad.net,URL
m.higrad.net,m.higrad.net,m.higrad.net,URL
②,②,②,Foreign
서비스,서비스,서비스,Noun
”,”,”,Foreign
는,는,늘다,Verb
이용자,이용자,이용자,Noun
PC,PC,PC,Alpha
",",",",",",Punctuation
노트북,노트북,노트북,Noun
",",",",",",Punctuation
TV,TV,TV,Alpha
",",",",",",Punctuation
휴대,휴대,휴대,Noun
형,형,형,Suffix
단말기,단말기,단말기,Noun
같은,같은,같다,Adjective
유,유,유,Noun
무선,무선,무선,Noun
장치,장치,장치,Noun
통,통,통,Noun
하여,하여,하다,Verb
회사,회사,회사,Noun
제공,제공,제공,Noun
하는,하는,하다,Verb
유,유,유,Noun
무료,무료,무료,Noun
정보,정보,정보,Noun
이용,이용,이용,Noun
거나,거나,거나,Noun
이용자,이용자,이용자,Noun
간,간,간,Suffix
정보,정보,정보,Noun
의견,의견,의견,Noun
교환,교환,교환,Noun
하는,하는,하다,Verb
행위,행위,행위,Noun
회사,회사,회사,Noun
운영,운영,운영,Noun
하는,하는,하다,Verb
사이트,사이트,사이트,Noun
접속,접속,접속,Noun
하여,하여,하다,Verb
이용,이용,이용,Noun
하는,하는,하다,Verb
일체,일체,일체,Noun
행위,행위,행위,Noun
말,말,말,Noun
합니다,합니다,하다,Verb
.,.,.,Punctuation
③,③,③,Foreign
이용자,이용자,이용자,Noun
”,”,”,Foreign
는,는,늘다,Verb
본,본,보다,Verb
약관,약관,약관,Noun
회사,회사,회사,Noun
제공,제공,제공,Noun
하는,하는,하다,Verb
서비스,서비스,서비스,Noun
이용,이용,이용,Noun
하는,하는,하다,Verb
회원,회원,회원,Noun
비회,비회,비회,Noun
원,원,원,Suffix
말,말,말,Noun
합니다,합니다,하다,Verb
.,.,.,Punctuation
④,④,④,Foreign
비회,비회,비회,Noun
원,원,원,Suffix
”,”,”,Foreign
은,은,은,Noun
회원,회원,회원,Noun
가입,가입,가입,Noun
하지,하지,하다,Verb
않고,않고,않다,Verb
회사,회사,회사,Noun
제공,제공,제공,Noun
하는,하는,하다,Verb
서비스,서비스,서비스,Noun
이용,이용,이용,Noun
하는,하는,하다,Verb
자를,자를,자르다,Verb
말,말,말,Noun
하며,하며,하다,Verb
",",",",",",Punctuation
회사,회사,회사,Noun
는,는,는,Josa
비회,비회,비회,Noun
원,원,원,Suffix
대하,대하,대하,Noun
회원,회원,회원,Noun
전용,전용,전용,Noun
제공,제공,제공,Noun
하는,하는,하다,Verb
서비스,서비스,서비스,Noun
이용,이용,이용,Noun
제한,제한,제한,Noun
할,할,하다,Verb
수,수,수,Noun
있습니다,있습니다,있다,Adjective
.,.,.,Punctuation
⑤,⑤,⑤,Foreign
회원,회원,회원,Noun
”,”,”,Foreign
은,은,은,Noun
본,본,보다,Verb
약관,약관,약관,Noun
회사,회사,회사,Noun
이용,이용,이용,Noun
계약,계약,계약,Noun
체결,체결,체결,Noun
하고,하고,하고,Josa
회사,회사,회사,Noun
제공,제공,제공,Noun
하는,하는,하다,Verb
회원,회원,회원,Noun
전용,전용,전용,Noun
서비스,서비스,서비스,Noun
이용,이용,이용,Noun
할,할,하다,Verb
수,수,수,Noun
있는,있는,있다,Adjective
이용자,이용자,이용자,Noun
말,말,말,Noun
합니다,합니다,하다,Verb
.,.,.,Punctuation
⑥,⑥,⑥,Foreign
회원,회원,회원,Noun
아이디,아이디,아이디,Noun
”,”,”,Foreign
는,는,늘다,Verb
회사,회사,회사,Noun
회원,회원,회원,Noun
식별,식별,식별,Noun
위,위,위,Noun
하여,하여,하다,Verb
사용,사용,사용,Noun
하는,하는,하다,Verb
수단,수단,수단,Noun
",",",",",",Punctuation
회원,회원,회원,Noun
가입,가입,가입,Noun
시,시,시,Noun
회원,회원,회원,Noun
본인,본인,본인,Noun
선정,선정,선정,Noun
하고,하고,하고,Josa
회사,회사,회사,Noun
승인,승인,승인,Noun
하는,하는,하다,Verb
문자,문자,문자,Noun
숫자,숫자,숫자,Noun
조합,조합,조합,Noun
말,말,말,Noun
합니다,합니다,하다,Verb
.,.,.,Punctuation
⑦,⑦,⑦,Foreign
비밀번호,비밀번호,비밀번호,Noun
”,”,”,Foreign
는,는,늘다,Verb
회사,회사,회사,Noun
회원,회원,회원,Noun
본인,본인,본인,Noun
확인,확인,확인,Noun
위해,위해,위해,Noun
회원,회원,회원,Noun
아이디,아이디,아이디,Noun
사용,사용,사용,Noun
하는,하는,하다,Verb
수단,수단,수단,Noun
",",",",",",Punctuation
회원,회원,회원,Noun
가입,가입,가입,Noun
시,시,시,Noun
회원,회원,회원,Noun
본인,본인,본인,Noun
선정,선정,선정,Noun
한,한,한,Josa
문자,문자,문자,Noun
특수문자,특수문자,특수문자,Noun
숫자,숫자,숫자,Noun
조합,조합,조합,Noun
말,말,말,Noun
합니다,합니다,하다,Verb
.,.,.,Punctuation
⑧,⑧,⑧,Foreign
개인정보,개인정보,개인정보,Noun
”,”,”,Foreign
는,는,늘다,Verb
본,본,보다,Verb
약관,약관,약관,Noun
회원,회원,회원,Noun
회사,회사,회사,Noun
제공,제공,제공,Noun
하는,하는,하다,Verb
개인,개인,개인,Noun
적,적,적,Suffix
인,인,인,Josa
정보,정보,정보,Noun
이름,이름,이름,Noun
",",",",",",Punctuation
생년,생년,생년,Noun
월일,월일,월일,Noun
",",",",",",Punctuation
전화번호,전화번호,전화번호,Noun
개인,개인,개인,Noun
식별,식별,식별,Noun
할,할,하다,Verb
수,수,수,Noun
있는,있는,있다,Adjective
정보,정보,정보,Noun
해당,해당,해당,Noun
정보,정보,정보,Noun
만으로는,만으로는,만으로는,Josa
특정,특정,특정,Noun
개인,개인,개인,Noun
식별,식별,식별,Noun
할,할,하다,Verb
수,수,수,Noun
없더라도,없더라도,없다,Adjective
정보,정보,정보,Noun
결,결,결,Noun
합하여,합하여,하다,Verb
식별,식별,식별,Noun
할,할,하다,Verb
수,수,수,Noun
있는,있는,있다,Adjective
포함,포함,포함,Noun
한,한,한,Josa
정보,정보,정보,Noun
말,말,말,Noun
합니다,합니다,하다,Verb
.,.,.,Punctuation
⑨,⑨,⑨,Foreign
유료,유료,유료,Noun
서비스,서비스,서비스,Noun
”,”,”,Foreign
는,는,늘다,Verb
회사,회사,회사,Noun
이용자,이용자,이용자,Noun
유료,유료,유료,Noun
이용,이용,이용,Noun
계약,계약,계약,Noun
서비스,서비스,서비스,Noun
이용,이용,이용,Noun
요금,요금,요금,Noun
수수하는,수수하는,수수하다,Adjective
유료,유료,유료,Noun
서비스,서비스,서비스,Noun
말,말,말,Noun
하며,하며,하다,Verb
",",",",",",Punctuation
구인,구인,구인,Noun
목적,목적,목적,Noun
모집,모집,모집,Noun
광고,광고,광고,Noun
",",",",",",Punctuation
이벤트,이벤트,이벤트,Noun
홍보,홍보,홍보,Noun
목적,목적,목적,Noun
광고,광고,광고,Noun
타,타,타,Modifier
공동,공동,공동,Noun
운영,운영,운영,Noun
하는,하는,하다,Verb
제휴,제휴,제휴,Noun
서비스,서비스,서비스,Noun
포함,포함,포함,Noun
한,한,한,Josa
유료,유료,유료,Noun
서비스,서비스,서비스,Noun
말,말,말,Noun
합니다,합니다,하다,Verb
.,.,.,Punctuation
⑩,⑩,⑩,Foreign
서비스,서비스,서비스,Noun
이용,이용,이용,Noun
요금,요금,요금,Noun
”,”,”,Foreign
은,은,은,Noun
이용자,이용자,이용자,Noun
회사,회사,회사,Noun
제공,제공,제공,Noun
하는,하는,하다,Verb
유료,유료,유료,Noun
서비스,서비스,서비스,Noun
이용,이용,이용,Noun
하기,하기,하다,Verb
위해,위해,위해,Noun
지불,지불,지불,Noun
하는,하는,하다,Verb
대가,대가,대가,Noun
말,말,말,Noun
합니다,합니다,하다,Verb
.,.,.,Punctuation
⑪,⑪,⑪,Foreign
게시,게시,게시,Noun
물,물,물,Noun
”,”,”,Foreign
은,은,은,Noun
회사,회사,회사,Noun
제공,제공,제공,Noun
하는,하는,하다,Verb
서비스,서비스,서비스,Noun
상,상,상,Suffix
게시,게시,게시,Noun
한,한,한,Josa
기호,기호,기호,Noun
ㆍ,ㆍ,ㆍ,Foreign
문자,문자,문자,Noun
ㆍ,ㆍ,ㆍ,Foreign
음성,음성,음성,Noun
ㆍ,ㆍ,ㆍ,Foreign
음향,음향,음향,Noun
ㆍ,ㆍ,ㆍ,Foreign
그림,그림,그림,Noun
ㆍ,ㆍ,ㆍ,Foreign
동영상,동영상,동영상,Noun
같은,같은,같다,Adjective
형태,형태,형태,Noun
표현,표현,표현,Noun
된,된,되다,Verb
글,글,글,Noun
",",",",",",Punctuation
사진,사진,사진,Noun
",",",",",",Punctuation
동영상,동영상,동영상,Noun
파일,파일,파일,Noun
링크,링크,링크,Noun
정보,정보,정보,Noun
말,말,말,Noun
합니다,합니다,하다,Verb
.,.,.,Punctuation
3조,3조,3조,Number
약관,약관,약관,Noun
적용,적용,적용,Noun
목적,목적,목적,Noun
약관,약관,약관,Noun
외,외,외,Noun
준칙,준칙,준칙,Noun
①,①,①,Foreign
본,본,보다,Verb
약관,약관,약관,Noun
은,은,은,Josa
비회,비회,비회,Noun
원,원,원,Suffix
회원,회원,회원,Noun
회사,회사,회사,Noun
제공,제공,제공,Noun
하는,하는,하다,Verb
모든,모든,모든,Noun
유,유,유,Noun
무료,무료,무료,Noun
서비스,서비스,서비스,Noun
이용,이용,이용,Noun
위해,위해,위해,Noun
필요한,필요한,필요하다,Adjective
반,반,반,Modifier
사항,사항,사항,Noun
규정,규정,규정,Noun
하기,하기,하다,Verb
위,위,위,Noun
한,한,한,Josa
목적,목적,목적,Noun
사용,사용,사용,Noun
됩니다,됩니다,되다,Verb
.,.,.,Punctuation
본,본,보다,Verb
약관,약관,약관,Noun
규정,규정,규정,Noun
되지,되지,되다,Verb
아니한,아니한,아니다,Adjective
사항,사항,사항,Noun
은,은,은,Josa
정보통신망,정보통신망,정보통신망,Noun
이용,이용,이용,Noun
촉진,촉진,촉진,Noun
관,관,관,Noun
한,한,한,Josa
법률,법률,법률,Noun
이하,이하,이하,Noun
정보통신망법,정보통신망법,정보통신망법,Noun
개인정보보호법,개인정보보호법,개인정보보호법,Noun
",",",",",",Punctuation
직업,직업,직업,Noun
안,안,안,Noun
정법,정법,정법,Noun
",",",",",",Punctuation
저작권법,저작권법,저작권법,Noun
",",",",",",Punctuation
전기통신기본법,전기통신기본법,전기통신기본법,Noun
",",",",",",Punctuation
전기통신사업법,전기통신사업법,전기통신사업법,Noun
",",",",",",Punctuation
컴퓨터,컴퓨터,컴퓨터,Noun
프로그램,프로그램,프로그램,Noun
보호,보호,보호,Noun
법,법,법,Noun
",",",",",",Punctuation
전자거래,전자거래,전자거래,Noun
기본,기본,기본,Noun
법,법,법,Noun
",",",",",",Punctuation
신용정보,신용정보,신용정보,Noun
이용,이용,이용,Noun
보호,보호,보호,Noun
관,관,관,Noun
한,한,한,Determiner
법률,법률,법률,Noun
",",",",",",Punctuation
주민등록,주민등록,주민등록,Noun
법,법,법,Noun
",",",",",",Punctuation
청소년,청소년,청소년,Noun
보호,보호,보호,Noun
법,법,법,Noun
관련,관련,관련,Noun
법령,법령,법령,Noun
규정,규정,규정,Noun
또는,또는,또는,Adverb
상,상,상,Noun
관례,관례,관례,Noun
따릅니다,따릅니다,따르다,Verb
.,.,.,Punctuation
②,②,②,Foreign
사이트,사이트,사이트,Noun
서비스,서비스,서비스,Noun
이용,이용,이용,Noun
약관,약관,약관,Noun
별도,별도,별도,Noun
존재,존재,존재,Noun
하는,하는,하다,Verb
경우,경우,경우,Noun
서비스,서비스,서비스,Noun
이용,이용,이용,Noun
약관,약관,약관,Noun
적,적,적,Suffix
적용,적용,적용,Noun
됩니다,됩니다,되다,Verb
.,.,.,Punctuation
③,③,③,Foreign
회원,회원,회원,Noun
회사,회사,회사,Noun
간,간,간,Noun
체결,체결,체결,Noun
된,된,되다,Verb
개별,개별,개별,Noun
계약,계약,계약,Noun
존재,존재,존재,Noun
하는,하는,하다,Verb
경우,경우,경우,Noun
약관,약관,약관,Noun
이나,이나,이나,Josa
규정,규정,규정,Noun
보다,보다,보다,Josa
개별,개별,개별,Noun
계약,계약,계약,Noun
적,적,적,Suffix
적용,적용,적용,Noun
됩니다,됩니다,되다,Verb
.,.,.,Punctuation
4조,4조,4조,Number
약관,약관,약관,Noun
게시,게시,게시,Noun
",",",",",",Punctuation
준용,준용,준용,Noun
",",",",",",Punctuation
효력,효력,효력,Noun
변경,변경,변경,Noun
①,①,①,Foreign
회사,회사,회사,Noun
는,는,는,Josa
약관,약관,약관,Noun
내용,내용,내용,Noun
상호,상호,상호,Noun
",",",",",",Punctuation
주소,주소,주소,Noun
",",",",",",Punctuation
사업자,사업자,사업자,Noun
등록,등록,등록,Noun
번호,번호,번호,Noun
",",",",",",Punctuation
연락처,연락처,연락처,Noun
이용자,이용자,이용자,Noun
쉽게,쉽게,쉬다,Verb
확인,확인,확인,Noun
할,할,하다,Verb
수,수,수,Noun
있도록,있도록,있다,Adjective
초기,초기,초기,Noun
화면,화면,화면,Noun
게시,게시,게시,Noun
거나,거나,거나,Noun
방법,방법,방법,Noun
이용자,이용자,이용자,Noun
공지,공지,공지,Noun
합니다,합니다,하다,Verb
.,.,.,Punctuation
②,②,②,Foreign
본,본,보다,Verb
약관,약관,약관,Noun
은,은,은,Josa
회원,회원,회원,Noun
입시,입시,입시,Noun
이용자,이용자,이용자,Noun
공시,공시,공시,Noun
되며,되며,되다,Verb
",",",",",",Punctuation
이용자,이용자,이용자,Noun
는,는,는,Josa
동의,동의,동의,Noun
합니다,합니다,하다,Verb
또는,또는,또는,Adverb
동의,동의,동의,Noun
하지,하지,하다,Verb
않습니다,않습니다,않다,Verb
버튼,버튼,버튼,Noun
클릭,클릭,클릭,Noun
함,함,함,Noun
동의,동의,동의,Noun
선택,선택,선택,Noun
할,할,하다,Verb
수,수,수,Noun
있습니다,있습니다,있다,Adjective
.,.,.,Punctuation
이용자,이용자,이용자,Noun
동의,동의,동의,Noun
합니다,합니다,하다,Verb
버튼,버튼,버튼,Noun
누르면,누르면,누르다,Verb
회사,회사,회사,Noun
는,는,는,Josa
해당,해당,해당,Noun
이용자,이용자,이용자,Noun
본,본,보다,Verb
약관,약관,약관,Noun
동의,동의,동의,Noun
하는,하는,하다,Verb
간주,간주,간주,Noun
합니다,합니다,하다,Verb
.,.,.,Punctuation
③,③,③,Foreign
회사,회사,회사,Noun
는,는,는,Josa
환경,환경,환경,Noun
변화,변화,변화,Noun
",",",",",",Punctuation
경영,경영,경영,Noun
정책,정책,정책,Noun
영업,영업,영업,Noun
전략,전략,전략,Noun
상의,상의,상의,Noun
중요한,중요한,중요하다,Adjective
사유,사유,사유,Noun
발생,발생,발생,Noun
할,할,하다,Verb
경우,경우,경우,Noun
약관,약관,약관,Noun
규제,규제,규제,Noun
관,관,관,Noun
한,한,한,Determiner
법률,법률,법률,Noun
정보통신망법,정보통신망법,정보통신망법,Noun
관련,관련,관련,Noun
법령,법령,법령,Noun
위반,위반,위반,Noun
하지,하지,하다,Verb
않는,않는,않다,Verb
범위,범위,범위,Noun
내,내,내,Noun
든지,든지,든지,Josa
약관,약관,약관,Noun
개정,개정,개정,Noun
할,할,하다,Verb
수,수,수,Noun
있습니다,있습니다,있다,Adjective
.,.,.,Punctuation
④,④,④,Foreign
회사,회사,회사,Noun
약관,약관,약관,Noun
개정,개정,개정,Noun
하는,하는,하다,Verb
경우,경우,경우,Noun
공지,공지,공지,Noun
사항,사항,사항,Noun
게시판,게시판,게시판,Noun
개정,개정,개정,Noun
사유,사유,사유,Noun
적용,적용,적용,Noun
명시,명시,명시,Noun
하여,하여,하다,Verb
현행,현행,현행,Noun
약관,약관,약관,Noun
1,1,1,Number
항의,항의,항의,Noun
방식,방식,방식,Noun
개정,개정,개정,Noun
약관,약관,약관,Noun
시행일,시행일,시행일,Noun
7일,7일,7일,Number
전,전,전,Noun
공지,공지,공지,Noun
합니다,합니다,하다,Verb
.,.,.,Punctuation
",",",",",",Punctuation
회원,회원,회원,Noun
불리한,불리한,불리하다,Adjective
약관,약관,약관,Noun
개정,개정,개정,Noun
은,은,은,Josa
게시판,게시판,게시판,Noun
공지,공지,공지,Noun
외,외,외,Noun
에도,에도,에도,Josa
추가,추가,추가,Noun
적,적,적,Suffix
인,인,인,Josa
수단,수단,수단,Noun
통해,통해,통해,Noun
시행일,시행일,시행일,Noun
30일,30일,30일,Number
전부터,전부터,전부터,Foreign
공지,공지,공지,Noun
합니다,합니다,하다,Verb
.,.,.,Punctuation
⑤,⑤,⑤,Foreign
회사,회사,회사,Noun
전,전,전,Modifier
항,항,항,Noun
개정,개정,개정,Noun
약관,약관,약관,Noun
공지,공지,공지,Noun
회원,회원,회원,Noun
변경,변경,변경,Noun
된,된,되다,Verb
약관,약관,약관,Noun
시행,시행,시행,Noun
전,전,전,Noun
명시,명시,명시,Noun
적,적,적,Suffix
거부,거부,거부,Noun
의사,의사,의사,Noun
표시,표시,표시,Noun
하지,하지,하다,Verb
않으면,않으면,않다,Verb
개정,개정,개정,Noun
약관,약관,약관,Noun
동의,동의,동의,Noun
한,한,한,Josa
본다,본다,보다,Verb
”,”,”,Foreign
는,는,늘다,Verb
내용,내용,내용,Noun
명확하게,명확하게,명확하다,Adjective
공지,공지,공지,Noun
하였음에도,하였음에도,하다,Verb
회원,회원,회원,Noun
명시,명시,명시,Noun
적,적,적,Suffix
거부,거부,거부,Noun
의사,의사,의사,Noun
표시,표시,표시,Noun
하지,하지,하다,Verb
않는,않는,않다,Verb
경우,경우,경우,Noun
에는,에는,에는,Josa
해당,해당,해당,Noun
회원,회원,회원,Noun
개정,개정,개정,Noun
약관,약관,약관,Noun
동의,동의,동의,Noun
한,한,한,Josa
봅니다,봅니다,보다,Verb
.,.,.,Punctuation
⑥,⑥,⑥,Foreign
회사,회사,회사,Noun
는,는,는,Josa
회원,회원,회원,Noun
개정,개정,개정,Noun
약관,약관,약관,Noun
대해,대해,대해,Noun
명시,명시,명시,Noun
적,적,적,Suffix
거부,거부,거부,Noun
의사,의사,의사,Noun
표시,표시,표시,Noun
한,한,한,Josa
경우,경우,경우,Noun
해당,해당,해당,Noun
회원,회원,회원,Noun
대해,대해,대해,Noun
개정,개정,개정,Noun
약관,약관,약관,Noun
적용,적용,적용,Noun
할,할,하다,Verb
수,수,수,Noun
없으며,없으며,없다,Adjective
",",",",",",Punctuation
경우,경우,경우,Noun
회사,회사,회사,Noun
는,는,는,Josa
해당,해당,해당,Noun
회원,회원,회원,Noun
대한,대한,대한,Noun
이용,이용,이용,Noun
계약,계약,계약,Noun
해지,해지,해지,Noun
합니다,합니다,하다,Verb
.,.,.,Punctuation
2,2,2,Number
장,장,장,Noun
서비스,서비스,서비스,Noun
이용,이용,이용,Noun
계약,계약,계약,Noun
5조,5조,5조,Number
이용,이용,이용,Noun
계약,계약,계약,Noun
성립,성립,성립,Noun
①,①,①,Foreign
이용자,이용자,이용자,Noun
회사,회사,회사,Noun
제공,제공,제공,Noun
하는,하는,하다,Verb
회원,회원,회원,Noun
전용,전용,전용,Noun
서비스,서비스,서비스,Noun
이하,이하,이하,Noun
회원,회원,회원,Noun
서비스,서비스,서비스,Noun
받고자,받고자,받다,Verb
하는,하는,하다,Verb
경우,경우,경우,Noun
에는,에는,에는,Josa
회사,회사,회사,Noun
정,정,정,Noun
한,한,한,Josa
절차,절차,절차,Noun
회사,회사,회사,Noun
회원,회원,회원,Noun
가입,가입,가입,Noun
이용,이용,이용,Noun
계약,계약,계약,Noun
이하,이하,이하,Noun
이용,이용,이용,Noun
계약,계약,계약,Noun
체결,체결,체결,Noun
해야만,해야만,하다,Verb
합니다,합니다,하다,Verb
.,.,.,Punctuation
이용,이용,이용,Noun
계약,계약,계약,Noun
은,은,은,Josa
이용자,이용자,이용자,Noun
먼저,먼저,먼저,Noun
본,본,보다,Verb
약관,약관,약관,Noun
동의,동의,동의,Noun
하고,하고,하고,Josa
",",",",",",Punctuation
회원,회원,회원,Noun
가입,가입,가입,Noun
후,후,후,Noun
회사,회사,회사,Noun
회원,회원,회원,Noun
승인,승인,승인,Noun
받으면,받으면,받다,Verb
체결,체결,체결,Noun
됩니다,됩니다,되다,Verb
.,.,.,Punctuation
②,②,②,Foreign
회원,회원,회원,Noun
가입,가입,가입,Noun
회원,회원,회원,Noun
서비스,서비스,서비스,Noun
이용,이용,이용,Noun
희망,희망,희망,Noun
는,는,는,Josa
본,본,보다,Verb
약관,약관,약관,Noun
내용,내용,내용,Noun
숙지,숙지,숙지,Noun
한,한,한,Josa
후,후,후,Noun
",",",",",",Punctuation
동의,동의,동의,Noun
이용자,이용자,이용자,Noun
본인,본인,본인,Noun
직접,직접,직접,Noun
선택,선택,선택,Noun
할,할,하다,Verb
수,수,수,Noun
있습니다,있습니다,있다,Adjective
.,.,.,Punctuation
③,③,③,Foreign
회원,회원,회원,Noun
가입,가입,가입,Noun
회원,회원,회원,Noun
서비스,서비스,서비스,Noun
이용,이용,이용,Noun
희망,희망,희망,Noun
본,본,보다,Verb
약관,약관,약관,Noun
동의,동의,동의,Noun
합니다,합니다,하다,Verb
선택,선택,선택,Noun
할,할,하다,Verb
경우,경우,경우,Noun
",",",",",",Punctuation
신청,신청,신청,Noun
절차,절차,절차,Noun
상,상,상,Suffix
회사,회사,회사,Noun
승낙,승낙,승낙,Noun
표시,표시,표시,Noun
함,함,함,Noun
이용,이용,이용,Noun
계약,계약,계약,Noun
절차,절차,절차,Noun
진행,진행,진행,Noun
합니다,합니다,하다,Verb
.,.,.,Punctuation
④,④,④,Foreign
회사,회사,회사,Noun
는,는,는,Josa
동의,동의,동의,Noun
합니다,합니다,하다,Verb
선택,선택,선택,Noun
하지,하지,하다,Verb
않은,않은,않다,Verb
이용자,이용자,이용자,Noun
대하,대하,대하,Noun
회원,회원,회원,Noun
가입,가입,가입,Noun
이용,이용,이용,Noun
계약,계약,계약,Noun
승인,승인,승인,Noun
거절,거절,거절,Noun
합니다,합니다,하다,Verb
.,.,.,Punctuation
⑤,⑤,⑤,Foreign
회사,회사,회사,Noun
는,는,는,Josa
중복,중복,중복,Noun
가입,가입,가입,Noun
이나,이나,이나,Josa
명의,명의,명의,Noun
도용,도용,도용,Noun
부정,부정,부정,Noun
한,한,한,Josa
방법,방법,방법,Noun
의한,의한,의하다,Adjective
회원,회원,회원,Noun
가입,가입,가입,Noun
방지,방지,방지,Noun
하기,하기,하다,Verb
위,위,위,Noun
하여,하여,하다,Verb
외부,외부,외부,Noun
전,전,전,Modifier
문,문,문,Modifier
기관,기관,기관,Noun
통한,통한,통한,Noun
실명,실명,실명,Noun
확인,확인,확인,Noun
본인,본인,본인,Noun
인증,인증,인증,Noun
절차,절차,절차,Noun
실행,실행,실행,Noun
하며,하며,하다,Verb
",",",",",",Punctuation
이용자,이용자,이용자,Noun
는,는,는,Josa
본인,본인,본인,Noun
인증,인증,인증,Noun
필요한,필요한,필요하다,Adjective
실명,실명,실명,Noun
",",",",",",Punctuation
생년,생년,생년,Noun
월일,월일,월일,Noun
",",",",",",Punctuation
연락처,연락처,연락처,Noun
정보,정보,정보,Noun
제공,제공,제공,Noun
해야,해야,하다,Verb
합니다,합니다,하다,Verb
.,.,.,Punctuation
6조,6조,6조,Number
이용,이용,이용,Noun
계약,계약,계약,Noun
승인,승인,승인,Noun
제한,제한,제한,Noun
①,①,①,Foreign
회사,회사,회사,Noun
는,는,는,Josa
5조,5조,5조,Number
따른,따른,따르다,Verb
이용,이용,이용,Noun
계약,계약,계약,Noun
신청,신청,신청,Noun
대하,대하,대하,Noun
관련,관련,관련,Noun
법령,법령,법령,Noun
저촉,저촉,저촉,Noun
되지,되지,되다,Verb
않는,않는,않다,Verb
이용자,이용자,이용자,Noun
대하,대하,대하,Noun
신청,신청,신청,Noun
순서대로,순서대로,순서대로,Noun
회사,회사,회사,Noun
정,정,정,Noun
한,한,한,Josa
절차,절차,절차,Noun
이용,이용,이용,Noun
계약,계약,계약,Noun
승인,승인,승인,Noun
합니다,합니다,하다,Verb
.,.,.,Punctuation
②,②,②,Foreign
회사,회사,회사,Noun
는,는,는,Josa
중,중,중,Noun
호에,호에,호에,Exclamation
해당,해당,해당,Noun
하는,하는,하다,Verb
경우,경우,경우,Noun
에는,에는,에는,Josa
이용,이용,이용,Noun
계약,계약,계약,Noun
대한,대한,대한,Noun
승인,승인,승인,Noun
거절,거절,거절,Noun
거나,거나,거나,Noun
",",",",",",Punctuation
사유,사유,사유,Noun
해소,해소,해소,Noun
될,될,되다,Verb
승인,승인,승인,Noun
유보,유보,유보,Noun
또는,또는,또는,Adverb
사후,사후,사후,Noun
에라도,에라도,에라도,Josa
이용,이용,이용,Noun
계약,계약,계약,Noun
해지,해지,해지,Noun
할,할,하다,Verb
수,수,수,Noun
있습니다,있습니다,있다,Adjective
.,.,.,Punctuation
1,1,1,Number
.,.,.,Punctuation
사람,사람,사람,Noun
명의,명의,명의,Noun
도용,도용,도용,Noun
거나,거나,거나,Noun
본인,본인,본인,Noun
실명,실명,실명,Noun
이용,이용,이용,Noun
신청,신청,신청,Noun
하지,하지,하다,Verb
않은,않은,않다,Verb
경우,경우,경우,Noun
2,2,2,Number
.,.,.,Punctuation
허위,허위,허위,Noun
정보,정보,정보,Noun
기재,기재,기재,Noun
",",",",",",Punctuation
허위,허위,허위,Noun
서류,서류,서류,Noun
첨부,첨부,첨부,Noun
또는,또는,또는,Adverb
회사,회사,회사,Noun
요청,요청,요청,Noun
하는,하는,하다,Verb
필수,필수,필수,Noun
내용,내용,내용,Noun
기재,기재,기재,Noun
하지,하지,하다,Verb
않은,않은,않다,Verb
경우,경우,경우,Noun
3,3,3,Number
.,.,.,Punctuation
사회,사회,사회,Noun
안녕,안녕,안녕,Noun
질서,질서,질서,Noun
미풍양속,미풍양속,미풍양속,Noun
저해,저해,저해,Noun
할,할,하다,Verb
목적,목적,목적,Noun
이용,이용,이용,Noun
신청,신청,신청,Noun
한,한,한,Josa
경우,경우,경우,Noun
4,4,4,Number
.,.,.,Punctuation
본,본,보다,Verb
약관,약관,약관,Noun
또는,또는,또는,Adverb
이전,이전,이전,Noun
약관,약관,약관,Noun
회원,회원,회원,Noun
자격,자격,자격,Noun
상실한,상실한,상실하다,Adjective
적,적,적,Noun
있는,있는,있다,Adjective
경우,경우,경우,Noun
5,5,5,Number
.,.,.,Punctuation
이용자,이용자,이용자,Noun
귀책사유,귀책사유,귀책사유,Noun
인해,인해,인하다,Adjective
승인,승인,승인,Noun
불가능하거나,불가능하거나,불가능하다,Adjective
본,본,보다,Verb
약관,약관,약관,Noun
반,반,반,Modifier
규정,규정,규정,Noun
명백히,명백히,명백하다,Adjective
위반,위반,위반,Noun
한,한,한,Josa
경우,경우,경우,Noun
6,6,6,Number
.,.,.,Punctuation
14,14,14,Number
세미,세미,세미,Noun
만의,만의,만의,Josa
아동,아동,아동,Noun
법정대리인,법정대리인,법정대리인,Noun
사전,사전,사전,Noun
동의,동의,동의,Noun
없이,없이,없이,Adverb
회원,회원,회원,Noun
가입,가입,가입,Noun
이용,이용,이용,Noun
신청,신청,신청,Noun
한,한,한,Josa
경우,경우,경우,Noun
7,7,7,Number
.,.,.,Punctuation
회사,회사,회사,Noun
정,정,정,Noun
한,한,한,Josa
이용,이용,이용,Noun
계약,계약,계약,Noun
조건,조건,조건,Noun
미달,미달,미달,Noun
한,한,한,Josa
경우,경우,경우,Noun
③,③,③,Foreign
회사,회사,회사,Noun
2,2,2,Number
항,항,항,Noun
해당,해당,해당,Noun
되어,되어,되어다,Verb
이용,이용,이용,Noun
신청,신청,신청,Noun
자의,자의,자의,Noun
이용,이용,이용,Noun
계약,계약,계약,Noun
거절,거절,거절,Noun
거나,거나,거나,Noun
유보,유보,유보,Noun
하는,하는,하다,Verb
경우,경우,경우,Noun
",",",",",",Punctuation
회사,회사,회사,Noun
는,는,는,Josa
해당,해당,해당,Noun
사유,사유,사유,Noun
알려야,알려야,알다,Verb
합니다,합니다,하다,Verb
.,.,.,Punctuation
",",",",",",Punctuation
연락처,연락처,연락처,Noun
미상,미상,미상,Noun
같은,같은,같다,Adjective
불가피한,불가피한,불가피하다,Adjective
사유,사유,사유,Noun
인해,인해,인하다,Adjective
이용,이용,이용,Noun
신청,신청,신청,Noun
통지,통지,통지,Noun
할,할,하다,Verb
수,수,수,Noun
없는,없는,없다,Adjective
경우,경우,경우,Noun
는,는,는,Josa
예외,예외,예외,Noun
합니다,합니다,하다,Verb
.,.,.,Punctuation
7조,7조,7조,Number
개인정보,개인정보,개인정보,Noun
보호,보호,보호,Noun
①,①,①,Foreign
회사,회사,회사,Noun
는,는,는,Josa
정보통신망법,정보통신망법,정보통신망법,Noun
개인정보보호법,개인정보보호법,개인정보보호법,Noun
관계,관계,관계,Noun
법령,법령,법령,Noun
정,정,정,Noun
하는,하는,하다,Verb
바,바,바,Noun
회원,회원,회원,Noun
개인정보,개인정보,개인정보,Noun
소중하게,소중하게,소중하다,Adjective
취급,취급,취급,Noun
하며,하며,하다,Verb
개인정보,개인정보,개인정보,Noun
보호,보호,보호,Noun
하기,하기,하다,Verb
위해,위해,위해,Noun
최선,최선,최선,Noun
노력,노력,노력,Noun
다,다,다,Noun
하고,하고,하고,Josa
있습니다,있습니다,있다,Adjective
.,.,.,Punctuation
개인정보,개인정보,개인정보,Noun
보호,보호,보호,Noun
사용,사용,사용,Noun
대해,대해,대해,Noun
서는,서는,서다,Verb
관련,관련,관련,Noun
법령,법령,법령,Noun
회사,회사,회사,Noun
별도,별도,별도,Noun
규정,규정,규정,Noun
한,한,한,Josa
개인,개인,개인,Noun
정보처리,정보처리,정보처리,Noun
방침,방침,방침,Noun
적용,적용,적용,Noun
합니다,합니다,하다,Verb
.,.,.,Punctuation
②,②,②,Foreign
회사,회사,회사,Noun
는,는,는,Josa
회원,회원,회원,Noun
서비스,서비스,서비스,Noun
이용,이용,이용,Noun
계약,계약,계약,Noun
수집,수집,수집,Noun
된,된,되다,Verb
회원,회원,회원,Noun
신상,신상,신상,Noun
정보,정보,정보,Noun
본인,본인,본인,Noun
승낙,승낙,승낙,Noun
없이,없이,없이,Adverb
3,3,3,Number
누설,누설,누설,Noun
거나,거나,거나,Noun
배포,배포,배포,Noun
하지,하지,하다,Verb
않습니다,않습니다,않다,Verb
.,.,.,Punctuation
③,③,③,Foreign
회사,회사,회사,Noun
는,는,는,Josa
전기통신기본법,전기통신기본법,전기통신기본법,Noun
법률,법률,법률,Noun
규정,규정,규정,Noun
의한,의한,의하다,Adjective
국가,국가,국가,Noun
기관,기관,기관,Noun
요구,요구,요구,Noun
",",",",",",Punctuation
범죄,범죄,범죄,Noun
대한,대한,대한,Noun
수사,수사,수사,Noun
상의,상의,상의,Noun
목적,목적,목적,Noun
",",",",",",Punctuation
정보통,정보통,정보통,Noun
신,신,신,Modifier
윤리,윤리,윤리,Noun
위원회,위원회,위원회,Noun
요청,요청,요청,Noun
또는,또는,또는,Adverb
관계,관계,관계,Noun
법령,법령,법령,Noun
정,정,정,Noun
한,한,한,Josa
절차,절차,절차,Noun
따른,따른,따르다,Verb
요청,요청,요청,Noun
있는,있는,있다,Adjective
경우,경우,경우,Noun
에는,에는,에는,Josa
해당,해당,해당,Noun
회원,회원,회원,Noun
사전,사전,사전,Noun
동의,동의,동의,Noun
없이,없이,없이,Adverb
개인정보,개인정보,개인정보,Noun
제공,제공,제공,Noun
할,할,하다,Verb
수,수,수,Noun
있습니다,있습니다,있다,Adjective
.,.,.,Punctuation
④,④,④,Foreign
회사,회사,회사,Noun
운영,운영,운영,Noun
하는,하는,하다,Verb
공식,공식,공식,Noun
사이트,사이트,사이트,Noun
이외,이외,이외,Noun
제휴,제휴,제휴,Noun
또는,또는,또는,Adverb
링크,링크,링크,Noun
된,된,되다,Verb
사이트,사이트,사이트,Noun
에서는,에서는,에서는,Josa
본,본,보다,Verb
약관,약관,약관,Noun
회사,회사,회사,Noun
개인,개인,개인,Noun
정보처리,정보처리,정보처리,Noun
방침,방침,방침,Noun
적용,적용,적용,Noun
되지,되지,되다,Verb
않습니다,않습니다,않다,Verb
.,.,.,Punctuation
8조,8조,8조,Number
신용정보,신용정보,신용정보,Noun
보호,보호,보호,Noun
제공,제공,제공,Noun
활용,활용,활용,Noun
①,①,①,Foreign
회사,회사,회사,Noun
는,는,는,Josa
회원,회원,회원,Noun
신용정보,신용정보,신용정보,Noun
보호,보호,보호,Noun
하기,하기,하다,Verb
위해,위해,위해,Noun
신용정보,신용정보,신용정보,Noun
이용,이용,이용,Noun
보호,보호,보호,Noun
관,관,관,Noun
한,한,한,Josa
법률,법률,법률,Noun
같은,같은,같다,Adjective
관련,관련,관련,Noun
법령,법령,법령,Noun
준수,준수,준수,Noun
하고,하고,하고,Josa
있습니다,있습니다,있다,Adjective
.,.,.,Punctuation
②,②,②,Foreign
회사,회사,회사,Noun
는,는,는,Josa
명의,명의,명의,Noun
도용,도용,도용,Noun
이나,이나,이나,Josa
허위,허위,허위,Noun
정보,정보,정보,Noun
인한,인한,인하다,Adjective
피해,피해,피해,Noun
방지,방지,방지,Noun
하기,하기,하다,Verb
위,위,위,Noun
하여,하여,하다,Verb
NICE,NICE,NICE,Alpha
신용,신용,신용,Noun
평가,평가,평가,Noun
정보,정보,정보,Noun
주,주,주,Noun
통해,통해,통해,Noun
실명,실명,실명,Noun
인증,인증,인증,Noun
시행,시행,시행,Noun
하고,하고,하고,Josa
있으며,있으며,있다,Adjective
",",",",",",Punctuation
본,본,보다,Verb
목적,목적,목적,Noun
이외,이외,이외,Noun
에는,에는,에는,Josa
회원,회원,회원,Noun
신용정보,신용정보,신용정보,Noun
활용,활용,활용,Noun
하지,하지,하다,Verb
않습니다,않습니다,않다,Verb
.,.,.,Punctuation
9조,9조,9조,Number
회원정보,회원정보,회원정보,Noun
변경,변경,변경,Noun
①,①,①,Foreign
회원,회원,회원,Noun
은,은,은,Josa
개인정보,개인정보,개인정보,Noun
관리,관리,관리,Noun
메뉴,메뉴,메뉴,Noun
통,통,통,Noun
하여,하여,하다,Verb
든지,든지,든지,Josa
본인,본인,본인,Noun
개인정보,개인정보,개인정보,Noun
열람,열람,열람,Noun
하고,하고,하고,Josa
수정,수정,수정,Noun
할,할,하다,Verb
수,수,수,Noun
있습니다,있습니다,있다,Adjective
.,.,.,Punctuation
",",",",",",Punctuation
효율,효율,효율,Noun
적,적,적,Suffix
인,인,인,Josa
회원,회원,회원,Noun
관리,관리,관리,Noun
개인,개인,개인,Noun
별,별,별,Noun
맞춤,맞춤,맞춤,Noun
서비스,서비스,서비스,Noun
위해,위해,위해,Noun
필요한,필요한,필요하다,Adjective
회원,회원,회원,Noun
아이디,아이디,아이디,Noun
는,는,는,Josa
수정,수정,수정,Noun
할,할,하다,Verb
수,수,수,Noun
없으며,없으며,없다,Adjective
",",",",",",Punctuation
닉네임,닉네임,닉네임,Noun
은,은,은,Josa
회원,회원,회원,Noun
필요,필요,필요,Noun
6,6,6,Number
개월,개월,개월,Noun
1회,1회,1회,Number
수정,수정,수정,Noun
할,할,하다,Verb
수,수,수,Noun
있습니다,있습니다,있다,Adjective
.,.,.,Punctuation
회원,회원,회원,Noun
약관,약관,약관,Noun
16/17조,16/17조,16/17조,Number
위반,위반,위반,Noun
한,한,한,Josa
게시,게시,게시,Noun
물,물,물,Noun
등록,등록,등록,Noun
하는,하는,하다,Verb
회원,회원,회원,Noun
은,은,은,Josa
관리자,관리자,관리자,Noun
직권,직권,직권,Noun
닉네임,닉네임,닉네임,Noun
변경,변경,변경,Noun
제한,제한,제한,Noun
할,할,하다,Verb
수,수,수,Noun
있습니다,있습니다,있다,Adjective
.,.,.,Punctuation
②,②,②,Foreign
회원,회원,회원,Noun
개인정보,개인정보,개인정보,Noun
변경,변경,변경,Noun
되었을,되었을,되어다,Verb
경우,경우,경우,Noun
회원,회원,회원,Noun
은,은,은,Josa
온라인,온라인,온라인,Noun
상,상,상,Suffix
직접,직접,직접,Noun
수정,수정,수정,Noun
거나,거나,거나,Noun
전자우편,전자우편,전자우편,Noun
방법,방법,방법,Noun
회사,회사,회사,Noun
변경,변경,변경,Noun
사항,사항,사항,Noun
알릴,알릴,알리다,Verb
의무,의무,의무,Noun
있습니다,있습니다,있다,Adjective
.,.,.,Punctuation
③,③,③,Foreign
회원,회원,회원,Noun
2,2,2,Number
항의,항의,항의,Noun
회원정보,회원정보,회원정보,Noun
변경,변경,변경,Noun
사항,사항,사항,Noun
회사,회사,회사,Noun
알리,알리,알리,Noun
지,지,지,Josa
않아서,않아서,않다,Verb
발생,발생,발생,Noun
하는,하는,하다,Verb
모든,모든,모든,Noun
불이익,불이익,불이익,Noun
대하,대하,대하,Noun
회사,회사,회사,Noun
는,는,는,Josa
일체,일체,일체,Noun
책임,책임,책임,Noun
지지,지지,지지,Noun
않습니다,않습니다,않다,Verb
.,.,.,Punctuation
10조,10조,10조,Number
회원,회원,회원,Noun
아이디,아이디,아이디,Noun
비밀번호,비밀번호,비밀번호,Noun
관리,관리,관리,Noun
대한,대한,대한,Noun
의무,의무,의무,Noun
①,①,①,Foreign
회원,회원,회원,Noun
서비스,서비스,서비스,Noun
이용,이용,이용,Noun
위,위,위,Noun
한,한,한,Josa
회원,회원,회원,Noun
아이디,아이디,아이디,Noun
비밀번호,비밀번호,비밀번호,Noun
대한,대한,대한,Noun
관리,관리,관리,Noun
책임,책임,책임,Noun
은,은,은,Josa
전적,전적,전적,Noun
해당,해당,해당,Noun
회원,회원,회원,Noun
있습니다,있습니다,있다,Adjective
.,.,.,Punctuation
특히,특히,특히,Adverb
",",",",",",Punctuation
회원,회원,회원,Noun
은,은,은,Josa
주,주,주,Modifier
기적,기적,기적,Noun
비밀번호,비밀번호,비밀번호,Noun
변경,변경,변경,Noun
하여,하여,하다,Verb
비밀번호,비밀번호,비밀번호,Noun
유출,유출,유출,Noun
되지,되지,되다,Verb
않도록,않도록,않다,Verb
주의,주의,주의,Noun
다,다,다,Adverb
할,할,하다,Verb
의무,의무,의무,Noun
있습니다,있습니다,있다,Adjective
.,.,.,Punctuation
②,②,②,Foreign
회원,회원,회원,Noun
회원,회원,회원,Noun
아이디,아이디,아이디,Noun
비밀번호,비밀번호,비밀번호,Noun
부실하게,부실하게,부실하다,Adjective
관리,관리,관리,Noun
하여,하여,하다,Verb
발생,발생,발생,Noun
하는,하는,하다,Verb
모든,모든,모든,Noun
불이익,불이익,불이익,Noun
은,은,은,Josa
전적,전적,전적,Noun
해당,해당,해당,Noun
회원,회원,회원,Noun
책임,책임,책임,Noun
부담,부담,부담,Noun
합니다,합니다,하다,Verb
.,.,.,Punctuation
",",",",",",Punctuation
회사,회사,회사,Noun
고의,고의,고의,Noun
⋅,⋅,⋅,Foreign
과실,과실,과실,Noun
인하여,인하여,인하다,Adjective
야기,야기,야기,Noun
된,된,되다,Verb
경우,경우,경우,Noun
에는,에는,에는,Josa
회사,회사,회사,Noun
책임,책임,책임,Noun
부담,부담,부담,Noun
합니다,합니다,하다,Verb
.,.,.,Punctuation
③,③,③,Foreign
회원,회원,회원,Noun
회원,회원,회원,Noun
아이디,아이디,아이디,Noun
비밀번호,비밀번호,비밀번호,Noun
3,3,3,Number
대여,대여,대여,Noun
하여,하여,하다,Verb
개인정보,개인정보,개인정보,Noun
유출,유출,유출,Noun
우려,우려,우려,Noun
있거나,있거나,있다,Adjective
반,반,반,Modifier
사회,사회,사회,Noun
적,적,적,Suffix
또는,또는,또는,Adverb
미풍양속,미풍양속,미풍양속,Noun
어긋나거나,어긋나거나,어긋나다,Verb
회사,회사,회사,Noun
운영자,운영자,운영자,Noun
오인,오인,오인,Noun
할,할,하다,Verb
우려,우려,우려,Noun
있는,있는,있다,Adjective
경우,경우,경우,Noun
",",",",",",Punctuation
회사,회사,회사,Noun
는,는,는,Josa
해당,해당,해당,Noun
회원,회원,회원,Noun
아이디,아이디,아이디,Noun
사용,사용,사용,Noun
제한,제한,제한,Noun
거나,거나,거나,Noun
회원,회원,회원,Noun
자격,자격,자격,Noun
박탈,박탈,박탈,Noun
할,할,하다,Verb
수,수,수,Noun
있습니다,있습니다,있다,Adjective
.,.,.,Punctuation
④,④,④,Foreign
회원,회원,회원,Noun
은,은,은,Josa
본인,본인,본인,Noun
회원,회원,회원,Noun
아이디,아이디,아이디,Noun
비밀번호,비밀번호,비밀번호,Noun
도용,도용,도용,Noun
되거나,되거나,되다,Verb
3,3,3,Number
자가,자가,자가,Noun
사용,사용,사용,Noun
하고,하고,하고,Josa
있,있,있다,Adjective
음,음,음,Noun
인지,인지,인지,Noun
한,한,한,Josa
경우,경우,경우,Noun
에는,에는,에는,Josa
이를,이를,이르다,Verb
회사,회사,회사,Noun
통지,통지,통지,Noun
하고,하고,하고,Josa
회사,회사,회사,Noun
운영,운영,운영,Noun
정책,정책,정책,Noun
따라야,따라야,따르다,Verb
합니다,합니다,하다,Verb
.,.,.,Punctuation
⑤,⑤,⑤,Foreign
회원,회원,회원,Noun
3,3,3,Number
항,항,항,Noun
4,4,4,Number
항,항,항,Noun
해당,해당,해당,Noun
하는,하는,하다,Verb
경우,경우,경우,Noun
에도,에도,에도,Josa
사실,사실,사실,Noun
회사,회사,회사,Noun
통지,통지,통지,Noun
하지,하지,하다,Verb
않거나,않거나,않다,Verb
",",",",",",Punctuation
통지,통지,통지,Noun
한,한,한,Josa
경우,경우,경우,Noun
에도,에도,에도,Josa
회사,회사,회사,Noun
정책,정책,정책,Noun
따르지,따르지,따르다,Verb
않아,않아,않다,Verb
발생,발생,발생,Noun
한,한,한,Josa
불이익,불이익,불이익,Noun
대하,대하,대하,Noun
회사,회사,회사,Noun
는,는,는,Josa
일체,일체,일체,Noun
책임,책임,책임,Noun
지지,지지,지지,Noun
않습니다,않습니다,않다,Verb
.,.,.,Punctuation
3,3,3,Number
장,장,장,Noun
이용,이용,이용,Noun
계약,계약,계약,Noun
당사자,당사자,당사자,Noun
의무,의무,의무,Noun
11조,11조,11조,Number
회사,회사,회사,Noun
의무,의무,의무,Noun
①,①,①,Foreign
회사,회사,회사,Noun
는,는,는,Josa
이용자,이용자,이용자,Noun
본,본,보다,Verb
약관,약관,약관,Noun
제시,제시,제시,Noun
한,한,한,Josa
서비스,서비스,서비스,Noun
안정,안정,안정,Noun
적,적,적,Suffix
제공,제공,제공,Noun
하기,하기,하다,Verb
위,위,위,Noun
하여,하여,하다,Verb
최선,최선,최선,Noun
노력,노력,노력,Noun
다,다,다,Noun
하고,하고,하고,Josa
",",",",",",Punctuation
운영,운영,운영,Noun
설비,설비,설비,Noun
서비스,서비스,서비스,Noun
장애,장애,장애,Noun
발생,발생,발생,Noun
할,할,하다,Verb
경우,경우,경우,Noun
에는,에는,에는,Josa
빠른,빠른,빠르다,Adjective
내,내,내,Noun
복구,복구,복구,Noun
할,할,하다,Verb
의무,의무,의무,Noun
있습니다,있습니다,있다,Adjective
.,.,.,Punctuation
②,②,②,Foreign
회사,회사,회사,Noun
는,는,는,Josa
천재지변,천재지변,천재지변,Noun
",",",",",",Punctuation
비상,비상,비상,Noun
사태,사태,사태,Noun
또는,또는,또는,Adverb
밖에,밖에,밖에,Josa
불가피한,불가피한,불가피하다,Adjective
사유,사유,사유,Noun
인해,인해,인하다,Adjective
회사,회사,회사,Noun
제공,제공,제공,Noun
하는,하는,하다,Verb
서비스,서비스,서비스,Noun
또는,또는,또는,Adverb
일부,일부,일부,Noun
일시,일시,일시,Noun
적,적,적,Suffix
중단,중단,중단,Noun
할,할,하다,Verb
수,수,수,Noun
있으며,있으며,있다,Adjective
",",",",",",Punctuation
이로,이로,이로,Noun
인한,인한,인하다,Adjective
정보,정보,정보,Noun
손실,손실,손실,Noun
이나,이나,이나,Josa
서비스,서비스,서비스,Noun
피해,피해,피해,Noun
대하,대하,대하,Noun
회사,회사,회사,Noun
는,는,는,Josa
일체,일체,일체,Noun
책임,책임,책임,Noun
지지,지지,지지,Noun
않습니다,않습니다,않다,Verb
.,.,.,Punctuation
③,③,③,Foreign
회사,회사,회사,Noun
는,는,는,Josa
주변,주변,주변,Noun
환경,환경,환경,Noun
",",",",",",Punctuation
관련,관련,관련,Noun
법령,법령,법령,Noun
",",",",",",Punctuation
운영,운영,운영,Noun
정책,정책,정책,Noun
",",",",",",Punctuation
기술,기술,기술,Noun
적,적,적,Suffix
사유,사유,사유,Noun
영업,영업,영업,Noun
전략,전략,전략,Noun
상,상,상,Suffix
상당한,상당한,상당하다,Adjective
이유,이유,이유,Noun
있는,있는,있다,Adjective
경우,경우,경우,Noun
유,유,유,Noun
ㆍ,ㆍ,ㆍ,Foreign
무료,무료,무료,Noun
제공,제공,제공,Noun
되는,되는,되다,Verb
서비스,서비스,서비스,Noun
또는,또는,또는,Adverb
일부,일부,일부,Noun
중단,중단,중단,Noun
거나,거나,거나,Noun
서비스,서비스,서비스,Noun
형태,형태,형태,Noun
변경,변경,변경,Noun
할,할,하다,Verb
수,수,수,Noun
있으며,있으며,있다,Adjective
",",",",",",Punctuation
대하,대하,대하,Noun
회사,회사,회사,Noun
는,는,는,Josa
관련,관련,관련,Noun
법령,법령,법령,Noun
위,위,위,Noun
배하,배하,배하,Noun
지,지,지,Josa
않는,않는,않다,Verb
한,한,하다,Verb
이용자,이용자,이용자,Noun
대하,대하,대하,Noun
별도,별도,별도,Noun
배상,배상,배상,Noun
책임,책임,책임,Noun
지지,지지,지지,Noun
않습니다,않습니다,않다,Verb
.,.,.,Punctuation
④,④,④,Foreign
회사,회사,회사,Noun
는,는,는,Josa
현재,현재,현재,Noun
제공,제공,제공,Noun
하는,하는,하다,Verb
서비스,서비스,서비스,Noun
내용,내용,내용,Noun
",",",",",",Punctuation
이용,이용,이용,Noun
방법,방법,방법,Noun
",",",",",",Punctuation
이용,이용,이용,Noun
요금,요금,요금,Noun
",",",",",",Punctuation
이용,이용,이용,Noun
대하,대하,대하,Noun
변경,변경,변경,Noun
있을,있을,있다,Adjective
경우,경우,경우,Noun
",",",",",",Punctuation
변경,변경,변경,Noun
사유,사유,사유,Noun
변경,변경,변경,Noun
내용,내용,내용,Noun
시행일,시행일,시행일,Noun
관련,관련,관련,Noun
메뉴,메뉴,메뉴,Noun
통해,통해,통해,Noun
사전,사전,사전,Noun
공지,공지,공지,Noun
합니다,합니다,하다,Verb
.,.,.,Punctuation
⑤,⑤,⑤,Foreign
회사,회사,회사,Noun
는,는,는,Josa
회원,회원,회원,Noun
안전하게,안전하게,안전하다,Adjective
서비스,서비스,서비스,Noun
이용,이용,이용,Noun
할,할,하다,Verb
수,수,수,Noun
있도록,있도록,있다,Adjective
개인,개인,개인,Noun
정보보호,정보보호,정보보호,Noun
위,위,위,Noun
한,한,한,Josa
보안,보안,보안,Noun
시스템,시스템,시스템,Noun
운영,운영,운영,Noun
하고,하고,하고,Josa
있으며,있으며,있다,Adjective
",",",",",",Punctuation
이를,이를,이르다,Verb
위해,위해,위해,Noun
개인,개인,개인,Noun
정보처리,정보처리,정보처리,Noun
방침,방침,방침,Noun
공시,공시,공시,Noun
하고,하고,하고,Josa
준수,준수,준수,Noun
합니다,합니다,하다,Verb
.,.,.,Punctuation
⑥,⑥,⑥,Foreign
회사,회사,회사,Noun
는,는,는,Josa
유료,유료,유료,Noun
서비스,서비스,서비스,Noun
관련,관련,관련,Noun
된,된,되다,Verb
결제,결제,결제,Noun
내,내,내,Determiner
역,역,역,Noun
관련,관련,관련,Noun
법령,법령,법령,Noun
요구,요구,요구,Noun
하는,하는,하다,Verb
기간,기간,기간,Noun
절차,절차,절차,Noun
적법하게,적법하게,적법하다,Adjective
보존,보존,보존,Noun
합니다,합니다,하다,Verb
.,.,.,Punctuation
",",",",",",Punctuation
비회,비회,비회,Noun
원,원,원,Suffix
결제,결제,결제,Noun
한,한,한,Josa
정보,정보,정보,Noun
는,는,는,Josa
예외,예외,예외,Noun
취급,취급,취급,Noun
할,할,하다,Verb
수,수,수,Noun
있습니다,있습니다,있다,Adjective
.,.,.,Punctuation
⑦,⑦,⑦,Foreign
회사,회사,회사,Noun
는,는,는,Josa
회원,회원,회원,Noun
소정,소정,소정,Noun
절차,절차,절차,Noun
제기,제기,제기,Noun
한,한,한,Josa
의견,의견,의견,Noun
이나,이나,이나,Josa
불만,불만,불만,Noun
정당하다고,정당하다고,정당하다,Adjective
인정,인정,인정,Noun
할,할,하다,Verb
경우,경우,경우,Noun
에는,에는,에는,Josa
적절한,적절한,적절하다,Adjective
절차,절차,절차,Noun
거쳐,거쳐,거치다,Verb
처리,처리,처리,Noun
합니다,합니다,하다,Verb
.,.,.,Punctuation
회원,회원,회원,Noun
제기,제기,제기,Noun
한,한,한,Josa
요청,요청,요청,Noun
처리,처리,처리,Noun
지연,지연,지연,Noun
될,될,되다,Verb
경우,경우,경우,Noun
에는,에는,에는,Josa
해당,해당,해당,Noun
회원,회원,회원,Noun
게시판,게시판,게시판,Noun
",",",",",",Punctuation
전자우편,전자우편,전자우편,Noun
수단,수단,수단,Noun
이용,이용,이용,Noun
하여,하여,하다,Verb
사유,사유,사유,Noun
처리,처리,처리,Noun
일정,일정,일정,Noun
알려,알려,알다,Verb
드립니다,드립니다,드리다,Verb
.,.,.,Punctuation
⑧,⑧,⑧,Foreign
회사,회사,회사,Noun
는,는,는,Josa
회사,회사,회사,Noun
제공,제공,제공,Noun
하는,하는,하다,Verb
서비스,서비스,서비스,Noun
원활한,원활한,원활하다,Adjective
운영,운영,운영,Noun
유지,유지,유지,Noun
위,위,위,Noun
하여,하여,하다,Verb
정보통신망법,정보통신망법,정보통신망법,Noun
",",",",",",Punctuation
개인정보보호법,개인정보보호법,개인정보보호법,Noun
",",",",",",Punctuation
직업,직업,직업,Noun
안,안,안,Noun
정법,정법,정법,Noun
",",",",",",Punctuation
저작권법,저작권법,저작권법,Noun
",",",",",",Punctuation
전기통신기본법,전기통신기본법,전기통신기본법,Noun
",",",",",",Punctuation
전기통신사업법,전기통신사업법,전기통신사업법,Noun
",",",",",",Punctuation
컴퓨터,컴퓨터,컴퓨터,Noun
프로그램,프로그램,프로그램,Noun
보호,보호,보호,Noun
법,법,법,Noun
",",",",",",Punctuation
전자거래,전자거래,전자거래,Noun
기본,기본,기본,Noun
법,법,법,Noun
",",",",",",Punctuation
신용정보,신용정보,신용정보,Noun
이용,이용,이용,Noun
보호,보호,보호,Noun
관,관,관,Noun
한,한,한,Determiner
법률,법률,법률,Noun
",",",",",",Punctuation
주민등록,주민등록,주민등록,Noun
법,법,법,Noun
",",",",",",Punctuation
청소년,청소년,청소년,Noun
보호,보호,보호,Noun
법,법,법,Noun
같은,같은,같다,Adjective
관련,관련,관련,Noun
법령,법령,법령,Noun
준수,준수,준수,Noun
합니다,합니다,하다,Verb
.,.,.,Punctuation
⑨,⑨,⑨,Foreign
회사,회사,회사,Noun
는,는,는,Josa
마케팅,마케팅,마케팅,Noun
이나,이나,이나,Josa
제휴,제휴,제휴,Noun
본,본,보다,Verb
서비스,서비스,서비스,Noun
이외,이외,이외,Noun
목적,목적,목적,Noun
3,3,3,Number
회원,회원,회원,Noun
개인정보,개인정보,개인정보,Noun
제공,제공,제공,Noun
하는,하는,하다,Verb
경우,경우,경우,Noun
에는,에는,에는,Josa
회원,회원,회원,Noun
으로부터,으로부터,으로부터,Josa
사전,사전,사전,Noun
동의,동의,동의,Noun
받은,받은,받다,Verb
후,후,후,Noun
제공,제공,제공,Noun
합니다,합니다,하다,Verb
.,.,.,Punctuation
12조,12조,12조,Number
회원,회원,회원,Noun
의무,의무,의무,Noun
①,①,①,Foreign
회원,회원,회원,Noun
은,은,은,Josa
본,본,보다,Verb
약관,약관,약관,Noun
규정,규정,규정,Noun
한,한,한,Josa
반,반,반,Modifier
사항,사항,사항,Noun
숙지,숙지,숙지,Noun
하여,하여,하다,Verb
준수,준수,준수,Noun
할,할,하다,Verb
의무,의무,의무,Noun
있으며,있으며,있다,Adjective
",",",",",",Punctuation
회사,회사,회사,Noun
사안,사안,사안,Noun
별로,별로,별로,Noun
공지,공지,공지,Noun
통지,통지,통지,Noun
하는,하는,하다,Verb
약관,약관,약관,Noun
이나,이나,이나,Josa
서비스,서비스,서비스,Noun
정책,정책,정책,Noun
대한,대한,대한,Noun
변경,변경,변경,Noun
사항,사항,사항,Noun
도,도,도,Josa
준수,준수,준수,Noun
합니다,합니다,하다,Verb
.,.,.,Punctuation
②,②,②,Foreign
회원,회원,회원,Noun
은,은,은,Josa
회사,회사,회사,Noun
운영,운영,운영,Noun
정책,정책,정책,Noun
이나,이나,이나,Josa
영업,영업,영업,Noun
방해,방해,방해,Noun
되는,되는,되다,Verb
행위,행위,행위,Noun
할,할,하다,Verb
수,수,수,Noun
없으며,없으며,없다,Adjective
",",",",",",Punctuation
본,본,보다,Verb
약관,약관,약관,Noun
규정,규정,규정,Noun
한,한,한,Josa
사항,사항,사항,Noun
위반,위반,위반,Noun
하여,하여,하다,Verb
회사,회사,회사,Noun
피해,피해,피해,Noun
초래,초래,초래,Noun
할,할,하다,Verb
경우,경우,경우,Noun
해당,해당,해당,Noun
회원,회원,회원,Noun
대해,대해,대해,Noun
서비스,서비스,서비스,Noun
이용,이용,이용,Noun
제한,제한,제한,Noun
이나,이나,이나,Josa
강제,강제,강제,Noun
탈퇴,탈퇴,탈퇴,Noun
또는,또는,또는,Adverb
법적,법적,법적,Noun
책임,책임,책임,Noun
손해배상,손해배상,손해배상,Noun
청구,청구,청구,Noun
할,할,하다,Verb
수,수,수,Noun
있습니다,있습니다,있다,Adjective
.,.,.,Punctuation
③,③,③,Foreign
채용,채용,채용,Noun
광고,광고,광고,Noun
이벤트,이벤트,이벤트,Noun
홍보,홍보,홍보,Noun
같은,같은,같다,Adjective
유료,유료,유료,Noun
서비스,서비스,서비스,Noun
이용,이용,이용,Noun
하는,하는,하다,Verb
회원,회원,회원,Noun
은,은,은,Josa
서비스,서비스,서비스,Noun
이용,이용,이용,Noun
대한,대한,대한,Noun
대가,대가,대가,Noun
회사,회사,회사,Noun
책정,책정,책정,Noun
한,한,한,Josa
서비스,서비스,서비스,Noun
요금,요금,요금,Noun
회사,회사,회사,Noun
지불,지불,지불,Noun
합니다,합니다,하다,Verb
.,.,.,Punctuation
④,④,④,Foreign
회원,회원,회원,Noun
은,은,은,Josa
회사,회사,회사,Noun
명시,명시,명시,Noun
적,적,적,Suffix
인,인,인,Josa
동의,동의,동의,Noun
없이,없이,없이,Adverb
회사,회사,회사,Noun
명의,명의,명의,Noun
서비스,서비스,서비스,Noun
대한,대한,대한,Noun
이용권,이용권,이용권,Noun
한,한,한,Josa
",",",",",",Punctuation
이용,이용,이용,Noun
계약,계약,계약,Noun
상의,상의,상의,Noun
지위,지위,지위,Noun
양도,양도,양도,Noun
거나,거나,거나,Noun
증여,증여,증여,Noun
할,할,하다,Verb
수,수,수,Noun
없으며,없으며,없다,Adjective
",",",",",",Punctuation
이를,이를,이르다,Verb
담보,담보,담보,Noun
제공,제공,제공,Noun
할,할,하다,Verb
수,수,수,Noun
없습니다,없습니다,없다,Adjective
.,.,.,Punctuation
⑤,⑤,⑤,Foreign
회원,회원,회원,Noun
은,은,은,Josa
회사,회사,회사,Noun
전,전,전,Modifier
승인,승인,승인,Noun
없이,없이,없이,Adverb
회사,회사,회사,Noun
명의,명의,명의,Noun
서비스,서비스,서비스,Noun
이용,이용,이용,Noun
한,한,한,Josa
형태,형태,형태,Noun
영업,영업,영업,Noun
활동,활동,활동,Noun
할,할,하다,Verb
수,수,수,Noun
없으며,없으며,없다,Adjective
",",",",",",Punctuation
회사,회사,회사,Noun
는,는,는,Josa
회원,회원,회원,Noun
본,본,보다,Verb
약관,약관,약관,Noun
위반,위반,위반,Noun
한,한,한,Josa
영업,영업,영업,Noun
활동,활동,활동,Noun
결과,결과,결과,Noun
발생,발생,발생,Noun
한,한,한,Josa
결과,결과,결과,Noun
대하,대하,대하,Noun
책임,책임,책임,Noun
지지,지지,지지,Noun
않으며,않으며,않다,Verb
회사,회사,회사,Noun
입은,입은,입다,Verb
피해,피해,피해,Noun
대해,대해,대해,Noun
법적,법적,법적,Noun
책임,책임,책임,Noun
손해배상,손해배상,손해배상,Noun
청구,청구,청구,Noun
할,할,하다,Verb
수,수,수,Noun
있습니다,있습니다,있다,Adjective
.,.,.,Punctuation
4,4,4,Number
장,장,장,Noun
회사,회사,회사,Noun
제공,제공,제공,Noun
서비스,서비스,서비스,Noun
13조,13조,13조,Number
서비스,서비스,서비스,Noun
내용,내용,내용,Noun
①,①,①,Foreign
회사,회사,회사,Noun
운영,운영,운영,Noun
하는,하는,하다,Verb
공식,공식,공식,Noun
사이트,사이트,사이트,Noun
",",",",",",Punctuation
모바일,모바일,모바일,Noun
앱,앱,앱,Noun
트위터,트위터,트위터,Noun
같은,같은,같다,Adjective
SNS,SNS,SNS,Alpha
통해,통해,통해,Noun
이용자,이용자,이용자,Noun
제공,제공,제공,Noun
하는,하는,하다,Verb
서비스,서비스,서비스,Noun
종류,종류,종류,Noun
는,는,는,Josa
같습니다,같습니다,같다,Adjective
.,.,.,Punctuation
회사,회사,회사,Noun
정책,정책,정책,Noun
일부,일부,일부,Noun
서비스,서비스,서비스,Noun
는,는,는,Josa
회원,회원,회원,Noun
전용,전용,전용,Noun
또는,또는,또는,Adverb
유료,유료,유료,Noun
서비스,서비스,서비스,Noun
제공,제공,제공,Noun
될,될,되다,Verb
수,수,수,Noun
있으며,있으며,있다,Adjective
",",",",",",Punctuation
향후,향후,향후,Noun
회사,회사,회사,Noun
경영,경영,경영,Noun
상의,상의,상의,Noun
이유,이유,이유,Noun
서비스,서비스,서비스,Noun
종류,종류,종류,Noun
축소,축소,축소,Noun
",",",",",",Punctuation
변경,변경,변경,Noun
확장,확장,확장,Noun
될,될,되다,Verb
수,수,수,Noun
있습니다,있습니다,있다,Adjective
.,.,.,Punctuation
1,1,1,Number
.,.,.,Punctuation
채용,채용,채용,Noun
",",",",",",Punctuation
대학원생,대학원생,대학원생,Noun
모집,모집,모집,Noun
",",",",",",Punctuation
학술,학술,학술,Noun
연구,연구,연구,Noun
정보,정보,정보,Noun
유,유,유,Noun
ㆍ,ㆍ,ㆍ,Foreign
무료,무료,무료,Noun
홍보,홍보,홍보,Noun
서비스,서비스,서비스,Noun
2,2,2,Number
.,.,.,Punctuation
채용,채용,채용,Noun
",",",",",",Punctuation
대학원생,대학원생,대학원생,Noun
모집,모집,모집,Noun
",",",",",",Punctuation
학술,학술,학술,Noun
연구,연구,연구,Noun
정보,정보,정보,Noun
열람,열람,열람,Noun
검색,검색,검색,Noun
서비스,서비스,서비스,Noun
3,3,3,Number
.,.,.,Punctuation
학술,학술,학술,Noun
ㆍ,ㆍ,ㆍ,Foreign
연구,연구,연구,Noun
관련,관련,관련,Noun
이벤트,이벤트,이벤트,Noun
유,유,유,Noun
ㆍ,ㆍ,ㆍ,Foreign
무료,무료,무료,Noun
홍보,홍보,홍보,Noun
서비스,서비스,서비스,Noun
4,4,4,Number
.,.,.,Punctuation
회원,회원,회원,Noun
간,간,간,Suffix
건전한,건전한,건전하다,Adjective
의견,의견,의견,Noun
정보,정보,정보,Noun
교류,교류,교류,Noun
유,유,유,Noun
ㆍ,ㆍ,ㆍ,Foreign
무료,무료,무료,Noun
상담,상담,상담,Noun
서비스,서비스,서비스,Noun
5,5,5,Number
.,.,.,Punctuation
타,타,타,Modifier
계약,계약,계약,Noun
의한,의한,의하다,Adjective
유,유,유,Noun
ㆍ,ㆍ,ㆍ,Foreign
무료,무료,무료,Noun
제휴,제휴,제휴,Noun
서비스,서비스,서비스,Noun
6,6,6,Number
.,.,.,Punctuation
향후,향후,향후,Noun
회사,회사,회사,Noun
추가,추가,추가,Noun
제공,제공,제공,Noun
가능한,가능한,가능하다,Adjective
일체,일체,일체,Noun
신규,신규,신규,Noun
서비스,서비스,서비스,Noun
14조,14조,14조,Number
서비스,서비스,서비스,Noun
이용,이용,이용,Noun
방법,방법,방법,Noun
①,①,①,Foreign
회사,회사,회사,Noun
는,는,는,Josa
신규,신규,신규,Noun
서비스,서비스,서비스,Noun
",",",",",",Punctuation
약관,약관,약관,Noun
또는,또는,또는,Adverb
운영,운영,운영,Noun
정책,정책,정책,Noun
변경,변경,변경,Noun
같은,같은,같다,Adjective
사항,사항,사항,Noun
공,공,공,Modifier
지,지,지,Modifier
사항,사항,사항,Noun
이나,이나,이나,Josa
전자우편,전자우편,전자우편,Noun
방법,방법,방법,Noun
회원,회원,회원,Noun
통보,통보,통보,Noun
할,할,하다,Verb
수,수,수,Noun
있으며,있으며,있다,Adjective
",",",",",",Punctuation
회원,회원,회원,Noun
은,은,은,Josa
거래,거래,거래,Noun
관련,관련,관련,Noun
정보,정보,정보,Noun
문의사항,문의사항,문의사항,Noun
대한,대한,대한,Noun
답변,답변,답변,Noun
제외,제외,제외,Noun
한,한,한,Josa
정보,정보,정보,Noun
대하,대하,대하,Noun
든지,든지,든지,Josa
전자우편,전자우편,전자우편,Noun
수신,수신,수신,Noun
거절,거절,거절,Noun
할,할,하다,Verb
수,수,수,Noun
있습니다,있습니다,있다,Adjective
.,.,.,Punctuation
②,②,②,Foreign
회원,회원,회원,Noun
회사,회사,회사,Noun
발송,발송,발송,Noun
하는,하는,하다,Verb
전자우편,전자우편,전자우편,Noun
수신,수신,수신,Noun
원,원,원,Modifier
치,치,치,Noun
않을,않을,않다,Verb
경우,경우,경우,Noun
",",",",",",Punctuation
회원,회원,회원,Noun
은,은,은,Josa
전자우편,전자우편,전자우편,Noun
첨부,첨부,첨부,Noun
된,된,되다,Verb
메뉴,메뉴,메뉴,Noun
통,통,통,Noun
하여,하여,하다,Verb
수신거부의사,수신거부의사,수신거부의사,Noun
명시,명시,명시,Noun
적,적,적,Suffix
표시,표시,표시,Noun
할,할,하다,Verb
수,수,수,Noun
있으며,있으며,있다,Adjective
",",",",",",Punctuation
경우,경우,경우,Noun
회사,회사,회사,Noun
는,는,는,Josa
해당,해당,해당,Noun
회원,회원,회원,Noun
대해,대해,대해,Noun
뉴스레터,뉴스레터,뉴스레터,Noun
전자우편,전자우편,전자우편,Noun
발송,발송,발송,Noun
중단,중단,중단,Noun
합니다,합니다,하다,Verb
.,.,.,Punctuation
③,③,③,Foreign
이용자,이용자,이용자,Noun
는,는,는,Josa
회사,회사,회사,Noun
사전,사전,사전,Noun
동의,동의,동의,Noun
없이,없이,없이,Adverb
회사,회사,회사,Noun
제공,제공,제공,Noun
하는,하는,하다,Verb
정보,정보,정보,Noun
무단,무단,무단,Noun
재,재,재,Noun
배포,배포,배포,Noun
거나,거나,거나,Noun
변조,변조,변조,Noun
",",",",",",Punctuation
복사,복사,복사,Noun
행위,행위,행위,Noun
할,할,하다,Verb
수,수,수,Noun
없으며,없으며,없다,Adjective
",",",",",",Punctuation
행위,행위,행위,Noun
회사,회사,회사,Noun
피해,피해,피해,Noun
초래,초래,초래,Noun
하는,하는,하다,Verb
경우,경우,경우,Noun
에는,에는,에는,Josa
회사,회사,회사,Noun
는,는,는,Josa
손해배상,손해배상,손해배상,Noun
청구,청구,청구,Noun
할,할,하다,Verb
수,수,수,Noun
있습니다,있습니다,있다,Adjective
.,.,.,Punctuation
④,④,④,Foreign
회원,회원,회원,Noun
은,은,은,Josa
회사,회사,회사,Noun
제공,제공,제공,Noun
하는,하는,하다,Verb
서비스,서비스,서비스,Noun
이용,이용,이용,Noun
하여,하여,하다,Verb
유,유,유,Noun
무형,무형,무형,Noun
상품,상품,상품,Noun
판매,판매,판매,Noun
같은,같은,같다,Adjective
일체,일체,일체,Noun
영업,영업,영업,Noun
활동,활동,활동,Noun
할,할,하다,Verb
수,수,수,Noun
없습니다,없습니다,없다,Adjective
.,.,.,Punctuation
단,단,단,Noun
",",",",",",Punctuation
회사,회사,회사,Noun
사전,사전,사전,Noun
협의,협의,협의,Noun
제휴,제휴,제휴,Noun
계약,계약,계약,Noun
대한,대한,대한,Noun
승인,승인,승인,Noun
절차,절차,절차,Noun
통,통,통,Noun
하여,하여,하다,Verb
회사,회사,회사,Noun
명시,명시,명시,Noun
적,적,적,Suffix
허용,허용,허용,Noun
한,한,한,Josa
경우,경우,경우,Noun
는,는,는,Josa
제외,제외,제외,Noun
합니다,합니다,하다,Verb
.,.,.,Punctuation
⑤,⑤,⑤,Foreign
회사,회사,회사,Noun
관여,관여,관여,Noun
되지,되지,되다,Verb
않은,않은,않다,Verb
이용자,이용자,이용자,Noun
간,간,간,Suffix
유,유,유,Noun
무형,무형,무형,Noun
상품,상품,상품,Noun
거래,거래,거래,Noun
발생,발생,발생,Noun
한,한,한,Josa
피해,피해,피해,Noun
관계,관계,관계,Noun
기관,기관,기관,Noun
의한,의한,의하다,Adjective
법적,법적,법적,Noun
조치,조치,조치,Noun
대해,대해,대해,Noun
회사,회사,회사,Noun
는,는,는,Josa
일체,일체,일체,Noun
책임,책임,책임,Noun
지지,지지,지지,Noun
않습니다,않습니다,않다,Verb
.,.,.,Punctuation
단,단,단,Noun
",",",",",",Punctuation
회사,회사,회사,Noun
명백한,명백한,명백하다,Adjective
과실,과실,과실,Noun
개인정보,개인정보,개인정보,Noun
유출,유출,유출,Noun
되는,되는,되다,Verb
경우,경우,경우,Noun
에는,에는,에는,Josa
회사,회사,회사,Noun
손해,손해,손해,Noun
대한,대한,대한,Noun
배상,배상,배상,Noun
책임,책임,책임,Noun
집니다,집니다,지다,Verb
.,.,.,Punctuation
⑥,⑥,⑥,Foreign
회원,회원,회원,Noun
은,은,은,Josa
회사,회사,회사,Noun
제공,제공,제공,Noun
하는,하는,하다,Verb
서비스,서비스,서비스,Noun
이용,이용,이용,Noun
하여,하여,하다,Verb
스팸성,스팸성,스팸성,Noun
광고,광고,광고,Noun
",",",",",",Punctuation
음란물,음란물,음란물,Noun
배포,배포,배포,Noun
",",",",",",Punctuation
저작물,저작물,저작물,Noun
무단,무단,무단,Noun
배포,배포,배포,Noun
",",",",",",Punctuation
해킹,해킹,해킹,Noun
같은,같은,같다,Adjective
불법행위,불법행위,불법행위,Noun
일체,일체,일체,Noun
할,할,하다,Verb
수,수,수,Noun
없으며,없으며,없다,Adjective
",",",",",",Punctuation
불법행위,불법행위,불법행위,Noun
적발,적발,적발,Noun
될,될,되다,Verb
경우,경우,경우,Noun
운영자,운영자,운영자,Noun
는,는,는,Josa
해당,해당,해당,Noun
자료,자료,자료,Noun
대한,대한,대한,Noun
열람,열람,열람,Noun
차단,차단,차단,Noun
하고,하고,하고,Josa
게시,게시,게시,Noun
강제,강제,강제,Noun
탈퇴,탈퇴,탈퇴,Noun
처리,처리,처리,Noun
합니다,합니다,하다,Verb
.,.,.,Punctuation
회사,회사,회사,Noun
피해,피해,피해,Noun
초래,초래,초래,Noun
한,한,한,Josa
경우,경우,경우,Noun
에는,에는,에는,Josa
손해배상,손해배상,손해배상,Noun
청구,청구,청구,Noun
민,민,민,Noun
ㆍ,ㆍ,ㆍ,Foreign
형사,형사,형사,Noun
상의,상의,상의,Noun
책임,책임,책임,Noun
추궁,추궁,추궁,Noun
할,할,하다,Verb
수,수,수,Noun
있습니다,있습니다,있다,Adjective
.,.,.,Punctuation
15조,15조,15조,Number
서비스,서비스,서비스,Noun
제공,제공,제공,Noun
중지,중지,중지,Noun
①,①,①,Foreign
회사,회사,회사,Noun
는,는,는,Josa
천재지변,천재지변,천재지변,Noun
",",",",",",Punctuation
국가,국가,국가,Noun
비상,비상,비상,Noun
사태,사태,사태,Noun
",",",",",",Punctuation
정전,정전,정전,Noun
같은,같은,같다,Adjective
불가항력,불가항력,불가항력,Noun
적,적,적,Suffix
인,인,인,Josa
이유,이유,이유,Noun
발생,발생,발생,Noun
할,할,하다,Verb
경우,경우,경우,Noun
",",",",",",Punctuation
일시,일시,일시,Noun
적,적,적,Suffix
유,유,유,Noun
무료,무료,무료,Noun
서비스,서비스,서비스,Noun
중단,중단,중단,Noun
할,할,하다,Verb
수,수,수,Noun
있습니다,있습니다,있다,Adjective
.,.,.,Punctuation
②,②,②,Foreign
회사,회사,회사,Noun
는,는,는,Josa
데이터,데이터,데이터,Noun
백업,백업,백업,Noun
",",",",",",Punctuation
정기,정기,정기,Noun
적,적,적,Suffix
인,인,인,Josa
유지,유지,유지,Noun
보수,보수,보수,Noun
작업,작업,작업,Noun
",",",",",",Punctuation
시스템,시스템,시스템,Noun
오류,오류,오류,Noun
",",",",",",Punctuation
네트워크,네트워크,네트워크,Noun
장애,장애,장애,Noun
시스템,시스템,시스템,Noun
장애,장애,장애,Noun
발생,발생,발생,Noun
한,한,한,Josa
경우,경우,경우,Noun
에도,에도,에도,Josa
서비스,서비스,서비스,Noun
일시,일시,일시,Noun
중단,중단,중단,Noun
할,할,하다,Verb
수,수,수,Noun
있으며,있으며,있다,Adjective
",",",",",",Punctuation
사전,사전,사전,Noun
계획,계획,계획,Noun
된,된,되다,Verb
유지,유지,유지,Noun
보수,보수,보수,Noun
작업,작업,작업,Noun
은,은,은,Josa
공,공,공,Modifier
지,지,지,Modifier
사항,사항,사항,Noun
이나,이나,이나,Josa
전자우편,전자우편,전자우편,Noun
방법,방법,방법,Noun
통해,통해,통해,Noun
서비스,서비스,서비스,Noun
중단,중단,중단,Noun
작업,작업,작업,Noun
내용,내용,내용,Noun
사전,사전,사전,Noun
공지,공지,공지,Noun
합니다,합니다,하다,Verb
.,.,.,Punctuation
5,5,5,Number
장,장,장,Noun
게시,게시,게시,Noun
물,물,물,Noun
등록,등록,등록,Noun
관리,관리,관리,Noun
16조,16조,16조,Number
게시,게시,게시,Noun
물,물,물,Noun
등록,등록,등록,Noun
①,①,①,Foreign
회사,회사,회사,Noun
홈페이지,홈페이지,홈페이지,Noun
운영,운영,운영,Noun
하는,하는,하다,Verb
모든,모든,모든,Noun
게시판,게시판,게시판,Noun
글쓰기,글쓰기,글쓰기,Noun
기능,기능,기능,Noun
은,은,은,Josa
회원,회원,회원,Noun
전용,전용,전용,Noun
운영,운영,운영,Noun
됩니다,됩니다,되다,Verb
.,.,.,Punctuation
게시판,게시판,게시판,Noun
글쓰기,글쓰기,글쓰기,Noun
원하는,원하는,원하다,Adjective
이용자,이용자,이용자,Noun
는,는,는,Josa
회원,회원,회원,Noun
가입,가입,가입,Noun
절차,절차,절차,Noun
통해,통해,통해,Noun
사전,사전,사전,Noun
회사,회사,회사,Noun
이용,이용,이용,Noun
계약,계약,계약,Noun
승인,승인,승인,Noun
받은,받은,받다,Verb
후,후,후,Noun
글,글,글,Noun
등록,등록,등록,Noun
할,할,하다,Verb
수,수,수,Noun
있습니다,있습니다,있다,Adjective
.,.,.,Punctuation
②,②,②,Foreign
하이,하이,하이,Noun
브레인,브레인,브레인,Noun
(*,(*,(*,Foreign
.hibrain.net,.hibrain.net,.hibrain.net,URL
하이,하이,하이,Noun
드넷,드넷,드넷,Noun
(*,(*,(*,Foreign
.higrad.net,.higrad.net,.higrad.net,URL
사이트,사이트,사이트,Noun
호에,호에,호에,Exclamation
해당,해당,해당,Noun
하는,하는,하다,Verb
게시판,게시판,게시판,Noun
회원,회원,회원,Noun
등록,등록,등록,Noun
한,한,한,Josa
게시,게시,게시,Noun
물,물,물,Noun
은,은,은,Josa
다양한,다양한,다양하다,Adjective
질문,질문,질문,Noun
원활한,원활한,원활하다,Adjective
답변,답변,답변,Noun
등록,등록,등록,Noun
위해,위해,위해,Noun
두,두,두,Noun
사이트,사이트,사이트,Noun
서로,서로,서로,Noun
공유,공유,공유,Noun
되어,되어,되어다,Verb
서비스,서비스,서비스,Noun
됩니다,됩니다,되다,Verb
.,.,.,Punctuation
1,1,1,Number
.,.,.,Punctuation
진로,진로,진로,Noun
상담,상담,상담,Noun
실,실,실,Noun
2,2,2,Number
.,.,.,Punctuation
진학,진학,진학,Noun
상담,상담,상담,Noun
실,실,실,Noun
3,3,3,Number
.,.,.,Punctuation
유학,유학,유학,Noun
상담,상담,상담,Noun
실,실,실,Noun
4,4,4,Number
.,.,.,Punctuation
논문,논문,논문,Noun
토론,토론,토론,Noun
실,실,실,Noun
5,5,5,Number
.,.,.,Punctuation
학술,학술,학술,Noun
토론,토론,토론,Noun
실,실,실,Noun
③,③,③,Foreign
회원,회원,회원,Noun
은,은,은,Josa
호에,호에,호에,Exclamation
해당,해당,해당,Noun
하는,하는,하다,Verb
게시,게시,게시,Noun
물,물,물,Noun
은,은,은,Josa
일체,일체,일체,Noun
등록,등록,등록,Noun
할,할,하다,Verb
수,수,수,Noun
없으며,없으며,없다,Adjective
",",",",",",Punctuation
이를,이를,이르다,Verb
위반,위반,위반,Noun
할,할,하다,Verb
경우,경우,경우,Noun
에는,에는,에는,Josa
로그인,로그인,로그인,Noun
중지,중지,중지,Noun
또는,또는,또는,Adverb
강제,강제,강제,Noun
탈퇴,탈퇴,탈퇴,Noun
조치,조치,조치,Noun
받을,받을,받다,Verb
수,수,수,Noun
있습니다,있습니다,있다,Adjective
.,.,.,Punctuation
1,1,1,Number
.,.,.,Punctuation
개인,개인,개인,Noun
또는,또는,또는,Adverb
기관,기관,기관,Noun
실명,실명,실명,Noun
거론,거론,거론,Noun
하여,하여,하다,Verb
비방,비방,비방,Noun
거나,거나,거나,Noun
명예훼손,명예훼손,명예훼손,Noun
성,성,성,Suffix
의견,의견,의견,Noun
등록,등록,등록,Noun
한,한,한,Josa
경우,경우,경우,Noun
2,2,2,Number
.,.,.,Punctuation
등록,등록,등록,Noun
한,한,한,Josa
글,글,글,Noun
대해,대해,대해,Noun
당사자,당사자,당사자,Noun
명시,명시,명시,Noun
적,적,적,Suffix
이의제기,이의제기,이의제기,Noun
제시,제시,제시,Noun
되거나,되거나,되다,Verb
",",",",",",Punctuation
회원,회원,회원,Noun
명예훼손,명예훼손,명예훼손,Noun
또는,또는,또는,Adverb
인신공격,인신공격,인신공격,Noun
신고,신고,신고,Noun
빈번,빈번,빈번,Noun
하게,하게,하다,Verb
제시,제시,제시,Noun
된,된,되다,Verb
경우,경우,경우,Noun
3,3,3,Number
.,.,.,Punctuation
스팸성,스팸성,스팸성,Noun
광고,광고,광고,Noun
",",",",",",Punctuation
음담패설,음담패설,음담패설,Noun
",",",",",",Punctuation
폭언,폭언,폭언,Noun
",",",",",",Punctuation
반말,반말,반말,Noun
같은,같은,같다,Adjective
내용,내용,내용,Noun
빈번,빈번,빈번,Noun
하게,하게,하다,Verb
등록,등록,등록,Noun
한,한,한,Josa
경우,경우,경우,Noun
4,4,4,Number
.,.,.,Punctuation
범죄,범죄,범죄,Noun
적,적,적,Suffix
행위,행위,행위,Noun
결부,결부,결부,Noun
된다고,된다고,되다,Verb
객관,객관,객관,Noun
적,적,적,Suffix
인정,인정,인정,Noun
되는,되는,되다,Verb
내용,내용,내용,Noun
등록,등록,등록,Noun
한,한,한,Josa
경우,경우,경우,Noun
5,5,5,Number
.,.,.,Punctuation
회사,회사,회사,Noun
또는,또는,또는,Adverb
3,3,3,Number
자의,자의,자의,Noun
지적재산권,지적재산권,지적재산권,Noun
이나,이나,이나,Josa
법적,법적,법적,Noun
권리,권리,권리,Noun
침해,침해,침해,Noun
하는,하는,하다,Verb
내용,내용,내용,Noun
등록,등록,등록,Noun
한,한,한,Josa
경우,경우,경우,Noun
6,6,6,Number
.,.,.,Punctuation
해킹,해킹,해킹,Noun
",",",",",",Punctuation
컴퓨터,컴퓨터,컴퓨터,Noun
바이러스,바이러스,바이러스,Noun
유포,유포,유포,Noun
회사,회사,회사,Noun
서비스,서비스,서비스,Noun
운영,운영,운영,Noun
지장,지장,지장,Noun
초래,초래,초래,Noun
하는,하는,하다,Verb
경우,경우,경우,Noun
7,7,7,Number
.,.,.,Punctuation
정보통신망법,정보통신망법,정보통신망법,Noun
저작권법,저작권법,저작권법,Noun
관계,관계,관계,Noun
법령,법령,법령,Noun
위반,위반,위반,Noun
된다고,된다고,되다,Verb
판단,판단,판단,Noun
되는,되는,되다,Verb
내용,내용,내용,Noun
등록,등록,등록,Noun
한,한,한,Josa
경우,경우,경우,Noun
8,8,8,Number
.,.,.,Punctuation
게시판,게시판,게시판,Noun
고유,고유,고유,Noun
운영,운영,운영,Noun
목적,목적,목적,Noun
명백히,명백히,명백하다,Adjective
위배,위배,위배,Noun
되는,되는,되다,Verb
내용,내용,내용,Noun
빈번,빈번,빈번,Noun
하게,하게,하다,Verb
등록,등록,등록,Noun
하는,하는,하다,Verb
경우,경우,경우,Noun
④,④,④,Foreign
회사,회사,회사,Noun
는,는,는,Josa
글,글,글,Noun
등록,등록,등록,Noun
전,전,전,Noun
2,2,2,Number
항,항,항,Noun
3,3,3,Number
항의,항의,항의,Noun
사항,사항,사항,Noun
사전,사전,사전,Noun
안내,안내,안내,Noun
하고,하고,하고,Josa
있으며,있으며,있다,Adjective
",",",",",",Punctuation
회원,회원,회원,Noun
게시,게시,게시,Noun
물,물,물,Noun
등록,등록,등록,Noun
버튼,버튼,버튼,Noun
클릭,클릭,클릭,Noun
하면,하면,하다,Verb
위,위,위,Noun
내용,내용,내용,Noun
동의,동의,동의,Noun
한,한,한,Josa
간주,간주,간주,Noun
합니다,합니다,하다,Verb
.,.,.,Punctuation
17조,17조,17조,Number
게시,게시,게시,Noun
물,물,물,Noun
관리,관리,관리,Noun
①,①,①,Foreign
회원,회원,회원,Noun
은,은,은,Josa
든지,든지,든지,Josa
특정,특정,특정,Noun
회원,회원,회원,Noun
등록,등록,등록,Noun
한,한,한,Josa
게시,게시,게시,Noun
물이,물이,물이,Noun
16조,16조,16조,Number
명시,명시,명시,Noun
된,된,되다,Verb
조항,조항,조항,Noun
중,중,중,Suffix
해당,해당,해당,Noun
한,한,한,Josa
다,다,다,Adverb
고,고,고,Noun
판단,판단,판단,Noun
될,될,되다,Verb
경우,경우,경우,Noun
에는,에는,에는,Josa
회사,회사,회사,Noun
해당,해당,해당,Noun
게시,게시,게시,Noun
물,물,물,Noun
대한,대한,대한,Noun
삭제,삭제,삭제,Noun
요청,요청,요청,Noun
할,할,하다,Verb
수,수,수,Noun
있습니다,있습니다,있다,Adjective
.,.,.,Punctuation
②,②,②,Foreign
회사,회사,회사,Noun
는,는,는,Josa
등록,등록,등록,Noun
된,된,되다,Verb
게시,게시,게시,Noun
물이,물이,물이,Noun
삭제,삭제,삭제,Noun
요청,요청,요청,Noun
되었거나,되었거나,되어다,Verb
16조,16조,16조,Number
명시,명시,명시,Noun
된,된,되다,Verb
조항,조항,조항,Noun
중,중,중,Suffix
해당,해당,해당,Noun
된다고,된다고,되다,Verb
판단,판단,판단,Noun
될,될,되다,Verb
경우,경우,경우,Noun
",",",",",",Punctuation
해당,해당,해당,Noun
게시,게시,게시,Noun
물,물,물,Noun
대한,대한,대한,Noun
접근,접근,접근,Noun
임시,임시,임시,Noun
적,적,적,Suffix
차단,차단,차단,Noun
하는,하는,하다,Verb
조치,조치,조치,Noun
이하,이하,이하,Noun
임시조치,임시조치,임시조치,Noun
라,라,라,Josa
합니다,합니다,하다,Verb
취할,취할,취할,Noun
수,수,수,Noun
있습니다,있습니다,있다,Adjective
.,.,.,Punctuation
③,③,③,Foreign
2,2,2,Number
항,항,항,Noun
임시조치,임시조치,임시조치,Noun
된,된,되다,Verb
게시,게시,게시,Noun
물의,물의,물의,Noun
삭제,삭제,삭제,Noun
복원,복원,복원,Noun
대한,대한,대한,Noun
결정,결정,결정,Noun
은,은,은,Josa
회사,회사,회사,Noun
결정,결정,결정,Noun
따릅니다,따릅니다,따르다,Verb
.,.,.,Punctuation
회사,회사,회사,Noun
는,는,는,Josa
당사자,당사자,당사자,Noun
30일,30일,30일,Number
이내에,이내에,이내에,Foreign
임시조치,임시조치,임시조치,Noun
된,된,되다,Verb
게시,게시,게시,Noun
물,물,물,Noun
대한,대한,대한,Noun
명시,명시,명시,Noun
적,적,적,Suffix
인,인,인,Josa
복원,복원,복원,Noun
요청,요청,요청,Noun
임시조치,임시조치,임시조치,Noun
된,된,되다,Verb
사유,사유,사유,Noun
해소,해소,해소,Noun
하지,하지,하다,Verb
않을,않을,않다,Verb
경우,경우,경우,Noun
에는,에는,에는,Josa
해당,해당,해당,Noun
게시,게시,게시,Noun
물,물,물,Noun
영구,영구,영구,Noun
적,적,적,Suffix
삭제,삭제,삭제,Noun
합니다,합니다,하다,Verb
.,.,.,Punctuation
④,④,④,Foreign
임시조치,임시조치,임시조치,Noun
된,된,되다,Verb
게시,게시,게시,Noun
물,물,물,Noun
대해,대해,대해,Noun
당사자,당사자,당사자,Noun
또는,또는,또는,Adverb
3,3,3,Number
자로,자로,자로,Noun
민,민,민,Noun
형사,형사,형사,Noun
상의,상의,상의,Noun
법적,법적,법적,Noun
조치,조치,조치,Noun
형사고소,형사고소,형사고소,Noun
",",",",",",Punctuation
가처분,가처분,가처분,Noun
신청,신청,신청,Noun
⋅,⋅,⋅,Foreign
손해배상,손해배상,손해배상,Noun
청구,청구,청구,Noun
민사소송,민사소송,민사소송,Noun
제기,제기,제기,Noun
제기,제기,제기,Noun
되는,되는,되다,Verb
경우,경우,경우,Noun
",",",",",",Punctuation
회사,회사,회사,Noun
는,는,는,Josa
해당,해당,해당,Noun
게시,게시,게시,Noun
물,물,물,Noun
게시,게시,게시,Noun
대한,대한,대한,Noun
법원,법원,법원,Noun
확정,확정,확정,Noun
판결,판결,판결,Noun
있을,있을,있다,Adjective
관련,관련,관련,Noun
게시,게시,게시,Noun
물,물,물,Noun
대한,대한,대한,Noun
접근,접근,접근,Noun
제한,제한,제한,Noun
할,할,하다,Verb
수,수,수,Noun
있으며,있으며,있다,Adjective
",",",",",",Punctuation
법적,법적,법적,Noun
조치,조치,조치,Noun
따른,따른,따르다,Verb
책임,책임,책임,Noun
제반,제반,제반,Noun
비용,비용,비용,Noun
대해,대해,대해,Noun
회사,회사,회사,Noun
는,는,는,Josa
일체,일체,일체,Noun
부담,부담,부담,Noun
지지,지지,지지,Noun
않습니다,않습니다,않다,Verb
.,.,.,Punctuation
⑤,⑤,⑤,Foreign
회원,회원,회원,Noun
선택,선택,선택,Noun
거나,거나,거나,Noun
입력,입력,입력,Noun
한,한,한,Josa
정보,정보,정보,Noun
게시,게시,게시,Noun
물,물,물,Noun
은,은,은,Josa
통계,통계,통계,Noun
자료,자료,자료,Noun
활용,활용,활용,Noun
될,될,되다,Verb
수,수,수,Noun
있으며,있으며,있다,Adjective
자료,자료,자료,Noun
는,는,는,Josa
개인,개인,개인,Noun
식별,식별,식별,Noun
할,할,하다,Verb
수,수,수,Noun
없는,없는,없다,Adjective
형태,형태,형태,Noun
언론,언론,언론,Noun
이나,이나,이나,Josa
제휴,제휴,제휴,Noun
제공,제공,제공,Noun
될,될,되다,Verb
수,수,수,Noun
있습니다,있습니다,있다,Adjective
.,.,.,Punctuation
18조,18조,18조,Number
게시,게시,게시,Noun
물의,물의,물의,Noun
저작권,저작권,저작권,Noun
권리,권리,권리,Noun
귀속,귀속,귀속,Noun
①,①,①,Foreign
회원,회원,회원,Noun
등록,등록,등록,Noun
한,한,한,Josa
게시,게시,게시,Noun
물의,물의,물의,Noun
저작권,저작권,저작권,Noun
은,은,은,Josa
해당,해당,해당,Noun
게시,게시,게시,Noun
물의,물의,물의,Noun
저작자,저작자,저작자,Noun
귀속,귀속,귀속,Noun
됩니다,됩니다,되다,Verb
.,.,.,Punctuation
②,②,②,Foreign
회원,회원,회원,Noun
은,은,은,Josa
게시,게시,게시,Noun
물,물,물,Noun
작성,작성,작성,Noun
시,시,시,Noun
사실,사실,사실,Noun
근거,근거,근거,Noun
하여,하여,하다,Verb
작성,작성,작성,Noun
해야,해야,하다,Verb
하며,하며,하다,Verb
",",",",",",Punctuation
작성,작성,작성,Noun
한,한,한,Josa
게시,게시,게시,Noun
물이,물이,물이,Noun
허위,허위,허위,Noun
사실이거나,사실이거나,사다,Verb
부,부,부,Noun
정확한,정확한,정확하다,Adjective
사실,사실,사실,Noun
임,임,임,Noun
확인,확인,확인,Noun
되어,되어,되어다,Verb
발생,발생,발생,Noun
한,한,한,Josa
모든,모든,모든,Noun
책임,책임,책임,Noun
은,은,은,Josa
회원,회원,회원,Noun
있습니다,있습니다,있다,Adjective
.,.,.,Punctuation
회사,회사,회사,Noun
는,는,는,Josa
회원,회원,회원,Noun
작성,작성,작성,Noun
한,한,한,Josa
게시,게시,게시,Noun
물,물,물,Noun
대한,대한,대한,Noun
진위,진위,진위,Noun
정확성,정확성,정확성,Noun
보증,보증,보증,Noun
하지,하지,하다,Verb
않으며,않으며,않다,Verb
일체,일체,일체,Noun
책임,책임,책임,Noun
부담,부담,부담,Noun
하지,하지,하다,Verb
않습니다,않습니다,않다,Verb
.,.,.,Punctuation
③,③,③,Foreign
원칙,원칙,원칙,Noun
적,적,적,Suffix
회원,회원,회원,Noun
직접,직접,직접,Noun
본인,본인,본인,Noun
게시,게시,게시,Noun
물,물,물,Noun
관리,관리,관리,Noun
해야하나,해야하나,하다,Verb
",",",",",",Punctuation
정상,정상,정상,Noun
회사,회사,회사,Noun
관리,관리,관리,Noun
위탁,위탁,위탁,Noun
또는,또는,또는,Adverb
대행,대행,대행,Noun
게시,게시,게시,Noun
물,물,물,Noun
내용,내용,내용,Noun
책임,책임,책임,Noun
은,은,은,Josa
회원,회원,회원,Noun
있습니다,있습니다,있다,Adjective
.,.,.,Punctuation
",",",",",",Punctuation
회원,회원,회원,Noun
은,은,은,Josa
항상,항상,항상,Noun
게시,게시,게시,Noun
물이,물이,물이,Noun
정확하게,정확하게,정확하다,Adjective
관리,관리,관리,Noun
될,될,되다,Verb
수,수,수,Noun
있도록,있도록,있다,Adjective
노력,노력,노력,Noun
해야,해야,하다,Verb
합니다,합니다,하다,Verb
.,.,.,Punctuation
④,④,④,Foreign
회원,회원,회원,Noun
등록,등록,등록,Noun
한,한,한,Josa
게시,게시,게시,Noun
물,물,물,Noun
은,은,은,Josa
검색,검색,검색,Noun
결과,결과,결과,Noun
관련,관련,관련,Noun
메뉴,메뉴,메뉴,Noun
노출,노출,노출,Noun
될,될,되다,Verb
수,수,수,Noun
있으며,있으며,있다,Adjective
",",",",",",Punctuation
해당,해당,해당,Noun
게시,게시,게시,Noun
물의,물의,물의,Noun
효과,효과,효과,Noun
적,적,적,Suffix
인,인,인,Josa
노출,노출,노출,Noun
이나,이나,이나,Josa
탈,탈,탈,Noun
관리,관리,관리,Noun
위해,위해,위해,Noun
저작권법,저작권법,저작권법,Noun
규정,규정,규정,Noun
위,위,위,Noun
배하,배하,배하,Noun
지,지,지,Josa
않는,않는,않다,Verb
범위,범위,범위,Noun
내,내,내,Noun
일부,일부,일부,Noun
내용,내용,내용,Noun
수정,수정,수정,Noun
",",",",",",Punctuation
복제,복제,복제,Noun
편집,편집,편집,Noun
되어,되어,되어다,Verb
게시,게시,게시,Noun
될,될,되다,Verb
수,수,수,Noun
있습니다,있습니다,있다,Adjective
.,.,.,Punctuation
⑤,⑤,⑤,Foreign
회원,회원,회원,Noun
탈퇴,탈퇴,탈퇴,Noun
시,시,시,Noun
해당,해당,해당,Noun
회원,회원,회원,Noun
게시판,게시판,게시판,Noun
등록,등록,등록,Noun
한,한,한,Josa
게시,게시,게시,Noun
물,물,물,Noun
은,은,은,Josa
해당,해당,해당,Noun
회원,회원,회원,Noun
명시,명시,명시,Noun
적,적,적,Suffix
인,인,인,Josa
삭제,삭제,삭제,Noun
요구,요구,요구,Noun
없을,없을,없다,Adjective
경우,경우,경우,Noun
에는,에는,에는,Josa
삭제,삭제,삭제,Noun
하지,하지,하다,Verb
않는,않는,않다,Verb
원칙,원칙,원칙,Noun
합니다,합니다,하다,Verb
.,.,.,Punctuation
특히,특히,특히,Adverb
",",",",",",Punctuation
회원,회원,회원,Noun
스크랩,스크랩,스크랩,Noun
되어,되어,되어다,Verb
재게시되,재게시되,재다,Verb
거나,거나,거나,Noun
",",",",",",Punctuation
게시,게시,게시,Noun
물이,물이,물이,Noun
법적,법적,법적,Noun
분쟁,분쟁,분쟁,Noun
소지,소지,소지,Noun
있거나,있거나,있다,Adjective
",",",",",",Punctuation
회원,회원,회원,Noun
답글,답글,답글,Noun
인해,인해,인하다,Adjective
게시,게시,게시,Noun
물,물,물,Noun
인과관계,인과관계,인과관계,Noun
있는,있는,있다,Adjective
게시,게시,게시,Noun
물,물,물,Noun
은,은,은,Josa
삭제,삭제,삭제,Noun
되지,되지,되다,Verb
않습니다,않습니다,않다,Verb
.,.,.,Punctuation
⑥,⑥,⑥,Foreign
회사,회사,회사,Noun
제공,제공,제공,Noun
하는,하는,하다,Verb
모든,모든,모든,Noun
서비스,서비스,서비스,Noun
정보,정보,정보,Noun
대한,대한,대한,Noun
저작권,저작권,저작권,Noun
지적재산권,지적재산권,지적재산권,Noun
은,은,은,Josa
전적,전적,전적,Noun
회사,회사,회사,Noun
소유,소유,소유,Noun
합니다,합니다,하다,Verb
.,.,.,Punctuation
단,단,단,Noun
",",",",",",Punctuation
회원,회원,회원,Noun
직접,직접,직접,Noun
등록,등록,등록,Noun
한,한,한,Josa
게시,게시,게시,Noun
물,물,물,Noun
제휴,제휴,제휴,Noun
계약,계약,계약,Noun
제공,제공,제공,Noun
되는,되는,되다,Verb
저작물,저작물,저작물,Noun
은,은,은,Josa
제외,제외,제외,Noun
합니다,합니다,하다,Verb
.,.,.,Punctuation
⑦,⑦,⑦,Foreign
회사,회사,회사,Noun
는,는,는,Josa
이용자,이용자,이용자,Noun
사전,사전,사전,Noun
회사,회사,회사,Noun
체결,체결,체결,Noun
한,한,한,Josa
이용,이용,이용,Noun
계약,계약,계약,Noun
서비스,서비스,서비스,Noun
컨텐츠,컨텐츠,컨텐츠,Noun
대한,대한,대한,Noun
이용,이용,이용,Noun
권한,권한,권한,Noun
만,만,만,Josa
부여,부여,부여,Noun
하며,하며,하다,Verb
",",",",",",Punctuation
이용자,이용자,이용자,Noun
는,는,는,Josa
이를,이를,이르다,Verb
양도,양도,양도,Noun
",",",",",",Punctuation
판매,판매,판매,Noun
",",",",",",Punctuation
담보,담보,담보,Noun
제공,제공,제공,Noun
관련,관련,관련,Noun
된,된,되다,Verb
일체,일체,일체,Noun
행위,행위,행위,Noun
할,할,하다,Verb
수,수,수,Noun
없습니다,없습니다,없다,Adjective
.,.,.,Punctuation
6,6,6,Number
장,장,장,Noun
유,유,유,Noun
무료,무료,무료,Noun
광고,광고,광고,Noun
서비스,서비스,서비스,Noun
19조,19조,19조,Number
유,유,유,Noun
무료,무료,무료,Noun
광고,광고,광고,Noun
관리,관리,관리,Noun
①,①,①,Foreign
회사,회사,회사,Noun
는,는,는,Josa
경영,경영,경영,Noun
상의,상의,상의,Noun
목적,목적,목적,Noun
회사,회사,회사,Noun
운영,운영,운영,Noun
하는,하는,하다,Verb
공식,공식,공식,Noun
사이트,사이트,사이트,Noun
",",",",",",Punctuation
모바일,모바일,모바일,Noun
앱,앱,앱,Noun
",",",",",",Punctuation
트위터,트위터,트위터,Noun
같은,같은,같다,Adjective
SNS,SNS,SNS,Alpha
유료,유료,유료,Noun
광고,광고,광고,Noun
제휴,제휴,제휴,Noun
광고,광고,광고,Noun
게시,게시,게시,Noun
거나,거나,거나,Noun
전자우편,전자우편,전자우편,Noun
통해,통해,통해,Noun
회원,회원,회원,Noun
정기,정기,정기,Noun
적,적,적,Suffix
발송,발송,발송,Noun
하는,하는,하다,Verb
뉴스레터,뉴스레터,뉴스레터,Noun
유료,유료,유료,Noun
광고,광고,광고,Noun
포함,포함,포함,Noun
할,할,하다,Verb
수,수,수,Noun
있습니다,있습니다,있다,Adjective
.,.,.,Punctuation
②,②,②,Foreign
회원,회원,회원,Noun
서비스,서비스,서비스,Noun
이용,이용,이용,Noun
위,위,위,Noun
한,한,한,Josa
회원,회원,회원,Noun
가입,가입,가입,Noun
",",",",",",Punctuation
게시,게시,게시,Noun
물,물,물,Noun
등록,등록,등록,Noun
채용,채용,채용,Noun
광고,광고,광고,Noun
포함,포함,포함,Noun
한,한,한,Josa
광고,광고,광고,Noun
등록,등록,등록,Noun
비용,비용,비용,Noun
은,은,은,Josa
무료,무료,무료,Noun
입니다,입니다,이다,Adjective
.,.,.,Punctuation
",",",",",",Punctuation
배너,배너,배너,Noun
광고,광고,광고,Noun
처럼,처럼,처럼,Josa
홍보,홍보,홍보,Noun
효과,효과,효과,Noun
위해,위해,위해,Noun
이용자,이용자,이용자,Noun
광고,광고,광고,Noun
적,적,적,Suffix
노출,노출,노출,Noun
시키기,시키기,시키다,Verb
위,위,위,Noun
한,한,한,Josa
차별,차별,차별,Noun
화,화,화,Suffix
된,된,되다,Verb
서비스,서비스,서비스,Noun
는,는,는,Josa
회사,회사,회사,Noun
광고주,광고주,광고주,Noun
간,간,간,Suffix
별도,별도,별도,Noun
유료,유료,유료,Noun
이용,이용,이용,Noun
계약,계약,계약,Noun
통해,통해,통해,Noun
유료,유료,유료,Noun
제공,제공,제공,Noun
됩니다,됩니다,되다,Verb
.,.,.,Punctuation
③,③,③,Foreign
회사,회사,회사,Noun
는,는,는,Josa
회사,회사,회사,Noun
서비스,서비스,서비스,Noun
통,통,통,Noun
하여,하여,하다,Verb
제공,제공,제공,Noun
되는,되는,되다,Verb
모든,모든,모든,Noun
유,유,유,Noun
무료,무료,무료,Noun
광고,광고,광고,Noun
대하,대하,대하,Noun
연중,연중,연중,Noun
무,무,무,Noun
1일,1일,1일,Number
24시간,24시간,24시간,Number
중단,중단,중단,Noun
없이,없이,없이,Adverb
모든,모든,모든,Noun
이용자,이용자,이용자,Noun
열람,열람,열람,Noun
할,할,하다,Verb
수,수,수,Noun
있도록,있도록,있다,Adjective
게재,게재,게재,Noun
함,함,함,Noun
원칙,원칙,원칙,Noun
합니다,합니다,하다,Verb
.,.,.,Punctuation
④,④,④,Foreign
회원,회원,회원,Noun
직접,직접,직접,Noun
등록,등록,등록,Noun
한,한,한,Josa
무료,무료,무료,Noun
광고,광고,광고,Noun
는,는,는,Josa
회사,회사,회사,Noun
이용,이용,이용,Noun
계약,계약,계약,Noun
통,통,통,Noun
하지,하지,하다,Verb
않은,않은,않다,Verb
비공식,비공식,비공식,Noun
적,적,적,Suffix
인,인,인,Josa
광고인,광고인,광고인,Noun
관계,관계,관계,Noun
등록,등록,등록,Noun
라도,라도,라도,Josa
광고,광고,광고,Noun
내용,내용,내용,Noun
수정,수정,수정,Noun
거나,거나,거나,Noun
삭제,삭제,삭제,Noun
할,할,하다,Verb
수,수,수,Noun
있습니다,있습니다,있다,Adjective
.,.,.,Punctuation
회사,회사,회사,Noun
에서는,에서는,에서는,Josa
무료,무료,무료,Noun
광고,광고,광고,Noun
내용,내용,내용,Noun
정확성,정확성,정확성,Noun
이나,이나,이나,Josa
신뢰,신뢰,신뢰,Noun
성,성,성,Suffix
보장,보장,보장,Noun
할,할,하다,Verb
수,수,수,Noun
없으며,없으며,없다,Adjective
",",",",",",Punctuation
추후,추후,추후,Noun
광고,광고,광고,Noun
내용,내용,내용,Noun
관련,관련,관련,Noun
법령,법령,법령,Noun
위,위,위,Noun
배하,배하,배하,Noun
관계,관계,관계,Noun
기관,기관,기관,Noun
으로부터,으로부터,으로부터,Josa
자료,자료,자료,Noun
제출,제출,제출,Noun
요청,요청,요청,Noun
받더라도,받더라도,받다,Verb
회사,회사,회사,Noun
에서는,에서는,에서는,Josa
협조,협조,협조,Noun
할,할,하다,Verb
수,수,수,Noun
없습니다,없습니다,없다,Adjective
.,.,.,Punctuation
⑤,⑤,⑤,Foreign
회사,회사,회사,Noun
는,는,는,Josa
유료,유료,유료,Noun
이용,이용,이용,Noun
계약,계약,계약,Noun
등록,등록,등록,Noun
된,된,되다,Verb
유료,유료,유료,Noun
광고,광고,광고,Noun
제휴,제휴,제휴,Noun
광고,광고,광고,Noun
대하,대하,대하,Noun
이용자,이용자,이용자,Noun
효과,효과,효과,Noun
적,적,적,Suffix
열람,열람,열람,Noun
할,할,하다,Verb
수,수,수,Noun
있도록,있도록,있다,Adjective
배너,배너,배너,Noun
통,통,통,Noun
하여,하여,하다,Verb
적,적,적,Suffix
게재,게재,게재,Noun
하며,하며,하다,Verb
",",",",",",Punctuation
회사,회사,회사,Noun
는,는,는,Josa
유료,유료,유료,Noun
광고,광고,광고,Noun
효과,효과,효과,Noun
적,적,적,Suffix
인,인,인,Josa
홍보,홍보,홍보,Noun
효과,효과,효과,Noun
보장,보장,보장,Noun
위해,위해,위해,Noun
최선,최선,최선,Noun
노력,노력,노력,Noun
다,다,다,Adverb
할,할,하다,Verb
의무,의무,의무,Noun
있습니다,있습니다,있다,Adjective
.,.,.,Punctuation
⑥,⑥,⑥,Foreign
유료,유료,유료,Noun
광고,광고,광고,Noun
는,는,는,Josa
광고주,광고주,광고주,Noun
광고,광고,광고,Noun
내용,내용,내용,Noun
대한,대한,대한,Noun
정확성,정확성,정확성,Noun
신뢰,신뢰,신뢰,Noun
성,성,성,Suffix
보장,보장,보장,Noun
합니다,합니다,하다,Verb
.,.,.,Punctuation
광고,광고,광고,Noun
내용,내용,내용,Noun
대한,대한,대한,Noun
수정,수정,수정,Noun
은,은,은,Josa
광고주,광고주,광고주,Noun
공문,공문,공문,Noun
이나,이나,이나,Josa
전자우편,전자우편,전자우편,Noun
같은,같은,같다,Adjective
명시,명시,명시,Noun
적,적,적,Suffix
인,인,인,Josa
요청,요청,요청,Noun
의해서만,의해서만,의하다,Adjective
처리,처리,처리,Noun
되며,되며,되다,Verb
",",",",",",Punctuation
광고주,광고주,광고주,Noun
는,는,는,Josa
해당,해당,해당,Noun
광고,광고,광고,Noun
대한,대한,대한,Noun
모든,모든,모든,Noun
법적,법적,법적,Noun
책임,책임,책임,Noun
집니다,집니다,지다,Verb
.,.,.,Punctuation
⑦,⑦,⑦,Foreign
유료,유료,유료,Noun
서비스,서비스,서비스,Noun
이용,이용,이용,Noun
요금,요금,요금,Noun
은,은,은,Josa
회원,회원,회원,Noun
이나,이나,이나,Josa
광고,광고,광고,Noun
종류,종류,종류,Noun
기간,기간,기간,Noun
차등,차등,차등,Noun
적,적,적,Suffix
적용,적용,적용,Noun
할,할,하다,Verb
수,수,수,Noun
있으며,있으며,있다,Adjective
",",",",",",Punctuation
회사,회사,회사,Noun
경영,경영,경영,Noun
정책,정책,정책,Noun
광고,광고,광고,Noun
종류,종류,종류,Noun
이용,이용,이용,Noun
요금,요금,요금,Noun
은,은,은,Josa
예고,예고,예고,Noun
없이,없이,없이,Adverb
변경,변경,변경,Noun
될,될,되다,Verb
수,수,수,Noun
있습니다,있습니다,있다,Adjective
.,.,.,Punctuation
",",",",",",Punctuation
변경,변경,변경,Noun
이전,이전,이전,Noun
적용,적용,적용,Noun
되거나,되거나,되다,Verb
계약,계약,계약,Noun
한,한,한,Josa
이용,이용,이용,Noun
요금,요금,요금,Noun
은,은,은,Josa
소급,소급,소급,Noun
하여,하여,하다,Verb
적용,적용,적용,Noun
하지,하지,하다,Verb
않습니다,않습니다,않다,Verb
.,.,.,Punctuation
⑧,⑧,⑧,Foreign
회사,회사,회사,Noun
유료,유료,유료,Noun
이용,이용,이용,Noun
계약,계약,계약,Noun
따른,따른,따르다,Verb
광고,광고,광고,Noun
홍보,홍보,홍보,Noun
충실하게,충실하게,충실하다,Adjective
이행,이행,이행,Noun
한,한,한,Josa
경우,경우,경우,Noun
",",",",",",Punctuation
광고주,광고주,광고주,Noun
는,는,는,Josa
회사,회사,회사,Noun
상대로,상대로,상대로,Noun
광고,광고,광고,Noun
효과,효과,효과,Noun
대한,대한,대한,Noun
이의제기,이의제기,이의제기,Noun
광고,광고,광고,Noun
비,비,비,Noun
환불,환불,환불,Noun
같은,같은,같다,Adjective
요구,요구,요구,Noun
일체,일체,일체,Noun
할,할,하다,Verb
수,수,수,Noun
없습니다,없습니다,없다,Adjective
.,.,.,Punctuation
⑨,⑨,⑨,Foreign
광고주,광고주,광고주,Noun
유료,유료,유료,Noun
광고,광고,광고,Noun
게재,게재,게재,Noun
조기,조기,조기,Noun
중단,중단,중단,Noun
요청,요청,요청,Noun
할,할,하다,Verb
경우,경우,경우,Noun
",",",",",",Punctuation
회사,회사,회사,Noun
는,는,는,Josa
22조,22조,22조,Number
유료,유료,유료,Noun
이용,이용,이용,Noun
계약,계약,계약,Noun
해지,해지,해지,Noun
조항,조항,조항,Noun
명시,명시,명시,Noun
된,된,되다,Verb
규정,규정,규정,Noun
광고,광고,광고,Noun
비,비,비,Noun
일부,일부,일부,Noun
환불,환불,환불,Noun
할,할,하다,Verb
수,수,수,Noun
있습니다,있습니다,있다,Adjective
.,.,.,Punctuation
20조,20조,20조,Number
허위,허위,허위,Noun
광고,광고,광고,Noun
처리,처리,처리,Noun
①,①,①,Foreign
회사,회사,회사,Noun
서비스,서비스,서비스,Noun
이용,이용,이용,Noun
한,한,한,Josa
채용,채용,채용,Noun
광고,광고,광고,Noun
대학원생,대학원생,대학원생,Noun
모집,모집,모집,Noun
학술,학술,학술,Noun
행사,행사,행사,Noun
",",",",",",Punctuation
장학금,장학금,장학금,Noun
",",",",",",Punctuation
공모전,공모전,공모전,Noun
유,유,유,Noun
무료,무료,무료,Noun
광고,광고,광고,Noun
는,는,는,Josa
회원,회원,회원,Noun
직접,직접,직접,Noun
등록,등록,등록,Noun
할,할,하다,Verb
수,수,수,Noun
있습니다,있습니다,있다,Adjective
.,.,.,Punctuation
회원,회원,회원,Noun
은,은,은,Josa
광고,광고,광고,Noun
등록,등록,등록,Noun
시,시,시,Noun
관련,관련,관련,Noun
법령,법령,법령,Noun
준수,준수,준수,Noun
하고,하고,하고,Josa
",",",",",",Punctuation
회사,회사,회사,Noun
운영,운영,운영,Noun
정책,정책,정책,Noun
정확하고,정확하고,정확하다,Adjective
신뢰,신뢰,신뢰,Noun
성,성,성,Suffix
있는,있는,있다,Adjective
광고,광고,광고,Noun
등록,등록,등록,Noun
할,할,하다,Verb
의무,의무,의무,Noun
있습니다,있습니다,있다,Adjective
.,.,.,Punctuation
②,②,②,Foreign
회사,회사,회사,Noun
는,는,는,Josa
등록,등록,등록,Noun
된,된,되다,Verb
광고,광고,광고,Noun
내용,내용,내용,Noun
직업,직업,직업,Noun
안,안,안,Noun
정법,정법,정법,Noun
",",",",",",Punctuation
청소년,청소년,청소년,Noun
보호,보호,보호,Noun
법,법,법,Noun
",",",",",",Punctuation
저작권법,저작권법,저작권법,Noun
",",",",",",Punctuation
컴퓨터,컴퓨터,컴퓨터,Noun
프로그램,프로그램,프로그램,Noun
보호,보호,보호,Noun
법,법,법,Noun
관련,관련,관련,Noun
법령,법령,법령,Noun
준수,준수,준수,Noun
하는지,하는지,하다,Verb
확인,확인,확인,Noun
하고,하고,하고,Josa
",",",",",",Punctuation
청소년,청소년,청소년,Noun
유해,유해,유해,Noun
되는,되는,되다,Verb
매체,매체,매체,Noun
물의,물의,물의,Noun
유통,유통,유통,Noun
이나,이나,이나,Josa
판매,판매,판매,Noun
위,위,위,Noun
한,한,한,Josa
불법,불법,불법,Noun
광고,광고,광고,Noun
효과,효과,효과,Noun
적,적,적,Suffix
차단,차단,차단,Noun
할,할,하다,Verb
의무,의무,의무,Noun
있습니다,있습니다,있다,Adjective
.,.,.,Punctuation
③,③,③,Foreign
회사,회사,회사,Noun
는,는,는,Josa
직업,직업,직업,Noun
안,안,안,Noun
정법,정법,정법,Noun
시행,시행,시행,Noun
28조,28조,28조,Number
직업,직업,직업,Noun
정보,정보,정보,Noun
공,공,공,Modifier
사업자,사업자,사업자,Noun
준수,준수,준수,Noun
사항,사항,사항,Noun
조항,조항,조항,Noun
명시,명시,명시,Noun
된,된,되다,Verb
규정,규정,규정,Noun
",",",",",",Punctuation
구인,구인,구인,Noun
자의,자의,자의,Noun
업체,업체,업체,Noun
명,명,명,Suffix
",",",",",",Punctuation
성명,성명,성명,Noun
또는,또는,또는,Adverb
사업자,사업자,사업자,Noun
등록증,등록증,등록증,Noun
확인,확인,확인,Noun
할,할,하다,Verb
수,수,수,Noun
없거나,없거나,없다,Adjective
구인,구인,구인,Noun
자의,자의,자의,Noun
연락처,연락처,연락처,Noun
사서함,사서함,사서함,Noun
표시,표시,표시,Noun
되어,되어,되어다,Verb
구인,구인,구인,Noun
자의,자의,자의,Noun
신원,신원,신원,Noun
또는,또는,또는,Adverb
정보,정보,정보,Noun
확실하지,확실하지,확실하다,Adjective
않은,않은,않다,Verb
유,유,유,Noun
무료,무료,무료,Noun
채용,채용,채용,Noun
광고,광고,광고,Noun
는,는,는,Josa
게재,게재,게재,Noun
할,할,하다,Verb
수,수,수,Noun
없습니다,없습니다,없다,Adjective
.,.,.,Punctuation
④,④,④,Foreign
채용,채용,채용,Noun
광고,광고,광고,Noun
등록,등록,등록,Noun
시,시,시,Noun
허위,허위,허위,Noun
구인,구인,구인,Noun
광고,광고,광고,Noun
또는,또는,또는,Adverb
허위,허위,허위,Noun
구인,구인,구인,Noun
조건,조건,조건,Noun
등록,등록,등록,Noun
한,한,한,Josa
회원,회원,회원,Noun
은,은,은,Josa
직업,직업,직업,Noun
안,안,안,Noun
정법,정법,정법,Noun
34조,34조,34조,Number
거짓,거짓,거짓,Noun
구인,구인,구인,Noun
광고,광고,광고,Noun
금지,금지,금지,Noun
조항,조항,조항,Noun
저촉,저촉,저촉,Noun
되어,되어,되어다,Verb
5년,5년,5년,Number
이하의,이하의,이하의,Foreign
징역,징역,징역,Noun
또는,또는,또는,Adverb
5천만원,5천만원,5천만원,Number
이하의,이하의,이하의,Foreign
벌금형,벌금형,벌금형,Noun
받을,받을,받다,Verb
수,수,수,Noun
있습니다,있습니다,있다,Adjective
.,.,.,Punctuation
허위,허위,허위,Noun
광고,광고,광고,Noun
인해,인해,인하다,Adjective
발생,발생,발생,Noun
된,된,되다,Verb
문제,문제,문제,Noun
대한,대한,대한,Noun
모든,모든,모든,Noun
법적,법적,법적,Noun
책임,책임,책임,Noun
손해배상,손해배상,손해배상,Noun
책임,책임,책임,Noun
은,은,은,Josa
해당,해당,해당,Noun
광고,광고,광고,Noun
등록,등록,등록,Noun
있습니다,있습니다,있다,Adjective
.,.,.,Punctuation
⑤,⑤,⑤,Foreign
대학원생,대학원생,대학원생,Noun
모집,모집,모집,Noun
",",",",",",Punctuation
학술,학술,학술,Noun
행사,행사,행사,Noun
",",",",",",Punctuation
장학금,장학금,장학금,Noun
",",",",",",Punctuation
공모전,공모전,공모전,Noun
유,유,유,Noun
무료,무료,무료,Noun
광고,광고,광고,Noun
허위,허위,허위,Noun
등록,등록,등록,Noun
한,한,한,Josa
회원,회원,회원,Noun
은,은,은,Josa
회사,회사,회사,Noun
운영,운영,운영,Noun
정책,정책,정책,Noun
해당,해당,해당,Noun
광고,광고,광고,Noun
삭제,삭제,삭제,Noun
하고,하고,하고,Josa
회원,회원,회원,Noun
자격,자격,자격,Noun
박탈,박탈,박탈,Noun
할,할,하다,Verb
수,수,수,Noun
있습니다,있습니다,있다,Adjective
.,.,.,Punctuation
7,7,7,Number
장,장,장,Noun
서비스,서비스,서비스,Noun
이용,이용,이용,Noun
계약,계약,계약,Noun
해지,해지,해지,Noun
21조,21조,21조,Number
이용,이용,이용,Noun
계약,계약,계약,Noun
해지,해지,해지,Noun
①,①,①,Foreign
회원,회원,회원,Noun
본,본,보다,Verb
약관,약관,약관,Noun
동의,동의,동의,Noun
하지,하지,하다,Verb
않거나,않거나,않다,Verb
회사,회사,회사,Noun
제공,제공,제공,Noun
하는,하는,하다,Verb
서비스,서비스,서비스,Noun
만족하지,만족하지,만족하다,Adjective
않는,않는,않다,Verb
경우,경우,경우,Noun
에는,에는,에는,Josa
든지,든지,든지,Josa
회사,회사,회사,Noun
공식,공식,공식,Noun
사이트,사이트,사이트,Noun
회원,회원,회원,Noun
탈퇴,탈퇴,탈퇴,Noun
메뉴,메뉴,메뉴,Noun
통,통,통,Noun
하여,하여,하다,Verb
이용,이용,이용,Noun
계약,계약,계약,Noun
해지,해지,해지,Noun
하고,하고,하고,Josa
본인,본인,본인,Noun
계정,계정,계정,Noun
삭제,삭제,삭제,Noun
할,할,하다,Verb
수,수,수,Noun
있습니다,있습니다,있다,Adjective
.,.,.,Punctuation
②,②,②,Foreign
회원,회원,회원,Noun
회원,회원,회원,Noun
탈퇴,탈퇴,탈퇴,Noun
메뉴,메뉴,메뉴,Noun
통,통,통,Noun
하여,하여,하다,Verb
자발,자발,자발,Noun
적,적,적,Suffix
탈퇴,탈퇴,탈퇴,Noun
한,한,한,Josa
경우,경우,경우,Noun
",",",",",",Punctuation
회사,회사,회사,Noun
는,는,는,Josa
관계,관계,관계,Noun
법령,법령,법령,Noun
해당,해당,해당,Noun
회원,회원,회원,Noun
대한,대한,대한,Noun
개인정보,개인정보,개인정보,Noun
일괄,일괄,일괄,Noun
삭제,삭제,삭제,Noun
하며,하며,하다,Verb
",",",",",",Punctuation
회원,회원,회원,Noun
전용,전용,전용,Noun
개인,개인,개인,Noun
서비스,서비스,서비스,Noun
관련,관련,관련,Noun
된,된,되다,Verb
정보,정보,정보,Noun
도,도,도,Josa
삭제,삭제,삭제,Noun
합니다,합니다,하다,Verb
.,.,.,Punctuation
",",",",",",Punctuation
회원,회원,회원,Noun
등록,등록,등록,Noun
한,한,한,Josa
공공,공공,공공,Noun
적,적,적,Suffix
성격,성격,성격,Noun
게시,게시,게시,Noun
물,물,물,Noun
모집,모집,모집,Noun
정보,정보,정보,Noun
는,는,는,Josa
유지,유지,유지,Noun
됩니다,됩니다,되다,Verb
.,.,.,Punctuation
③,③,③,Foreign
회사,회사,회사,Noun
는,는,는,Josa
회원,회원,회원,Noun
회원,회원,회원,Noun
탈퇴,탈퇴,탈퇴,Noun
인하여,인하여,인하다,Adjective
이용,이용,이용,Noun
계약,계약,계약,Noun
해지,해지,해지,Noun
상법,상법,상법,Noun
",",",",",",Punctuation
전자상거래,전자상거래,전자상거래,Noun
에서의,에서의,에서의,Josa
소비자보호,소비자보호,소비자보호,Noun
관,관,관,Noun
한,한,한,Determiner
법률,법률,법률,Noun
같은,같은,같다,Adjective
관계,관계,관계,Noun
법령,법령,법령,Noun
보존,보존,보존,Noun
할,할,하다,Verb
필요,필요,필요,Noun
있는,있는,있다,Adjective
경우,경우,경우,Noun
에는,에는,에는,Josa
법령,법령,법령,Noun
정,정,정,Noun
하는,하는,하다,Verb
기간,기간,기간,Noun
해당,해당,해당,Noun
회원,회원,회원,Noun
개인정보,개인정보,개인정보,Noun
보관,보관,보관,Noun
합니다,합니다,하다,Verb
.,.,.,Punctuation
④,④,④,Foreign
회원,회원,회원,Noun
중,중,중,Suffix
해당,해당,해당,Noun
하는,하는,하다,Verb
행위,행위,행위,Noun
하는,하는,하다,Verb
경우,경우,경우,Noun
",",",",",",Punctuation
회사,회사,회사,Noun
는,는,는,Josa
회원,회원,회원,Noun
사전,사전,사전,Noun
동의,동의,동의,Noun
없이,없이,없이,Adverb
이용,이용,이용,Noun
계약,계약,계약,Noun
해지하거나,해지하거나,하다,Verb
강제,강제,강제,Noun
탈퇴,탈퇴,탈퇴,Noun
조치,조치,조치,Noun
할,할,하다,Verb
수,수,수,Noun
있습니다,있습니다,있다,Adjective
.,.,.,Punctuation
1,1,1,Number
.,.,.,Punctuation
12조,12조,12조,Number
명시,명시,명시,Noun
된,된,되다,Verb
회원,회원,회원,Noun
의무,의무,의무,Noun
성실하게,성실하게,성실하다,Adjective
이행,이행,이행,Noun
하지,하지,하다,Verb
않았을,않았을,않다,Verb
2,2,2,Number
.,.,.,Punctuation
16조,16조,16조,Number
명시,명시,명시,Noun
된,된,되다,Verb
게시,게시,게시,Noun
물,물,물,Noun
등록,등록,등록,Noun
시,시,시,Noun
준수,준수,준수,Noun
사항,사항,사항,Noun
위반,위반,위반,Noun
하였을,하였을,하다,Verb
3,3,3,Number
.,.,.,Punctuation
19조,19조,19조,Number
명시,명시,명시,Noun
된,된,되다,Verb
유료,유료,유료,Noun
이용,이용,이용,Noun
계약,계약,계약,Noun
조건,조건,조건,Noun
고의,고의,고의,Noun
해태,해태,해태,Noun
하였을,하였을,하다,Verb
4,4,4,Number
.,.,.,Punctuation
회사,회사,회사,Noun
운영,운영,운영,Noun
목적,목적,목적,Noun
맞지,맞지,맞다,Verb
않는,않는,않다,Verb
행위,행위,행위,Noun
인해,인해,인하다,Adjective
회사,회사,회사,Noun
명예,명예,명예,Noun
훼손,훼손,훼손,Noun
하였을,하였을,하다,Verb
⑤,⑤,⑤,Foreign
회원,회원,회원,Noun
본,본,보다,Verb
약관,약관,약관,Noun
위반,위반,위반,Noun
하여,하여,하다,Verb
회사,회사,회사,Noun
회원,회원,회원,Noun
탈퇴,탈퇴,탈퇴,Noun
이용,이용,이용,Noun
계약,계약,계약,Noun
해지,해지,해지,Noun
된,된,되다,Verb
경우,경우,경우,Noun
에는,에는,에는,Josa
회원,회원,회원,Noun
재,재,재,Noun
가입,가입,가입,Noun
할,할,하다,Verb
수,수,수,Noun
없으며,없으며,없다,Adjective
",",",",",",Punctuation
회사,회사,회사,Noun
에서는,에서는,에서는,Josa
해당,해당,해당,Noun
회원,회원,회원,Noun
재,재,재,Noun
가입,가입,가입,Noun
방지,방지,방지,Noun
필요한,필요한,필요하다,Adjective
최소한,최소한,최소한,Noun
기술,기술,기술,Noun
적,적,적,Suffix
인,인,인,Josa
정보,정보,정보,Noun
보존,보존,보존,Noun
합니다,합니다,하다,Verb
.,.,.,Punctuation
22조,22조,22조,Number
유료,유료,유료,Noun
이용,이용,이용,Noun
계약,계약,계약,Noun
해지,해지,해지,Noun
①,①,①,Foreign
회원,회원,회원,Noun
19조,19조,19조,Number
명시,명시,명시,Noun
된,된,되다,Verb
유료,유료,유료,Noun
이용,이용,이용,Noun
계약,계약,계약,Noun
이용,이용,이용,Noun
하는,하는,하다,Verb
도중,도중,도중,Noun
회사,회사,회사,Noun
명백한,명백한,명백하다,Adjective
과실,과실,과실,Noun
이나,이나,이나,Josa
책임,책임,책임,Noun
정상,정상,정상,Noun
적,적,적,Suffix
인,인,인,Josa
서비스,서비스,서비스,Noun
제공,제공,제공,Noun
되지,되지,되다,Verb
않을,않을,않다,Verb
경우,경우,경우,Noun
",",",",",",Punctuation
회원,회원,회원,Noun
은,은,은,Josa
회사,회사,회사,Noun
유료,유료,유료,Noun
이용,이용,이용,Noun
계약,계약,계약,Noun
해지,해지,해지,Noun
요청,요청,요청,Noun
할,할,하다,Verb
수,수,수,Noun
있습니다,있습니다,있다,Adjective
.,.,.,Punctuation
②,②,②,Foreign
회사,회사,회사,Noun
는,는,는,Josa
기간,기간,기간,Noun
정함,정함,정함,Noun
있는,있는,있다,Adjective
유료,유료,유료,Noun
이용,이용,이용,Noun
계약,계약,계약,Noun
중도,중도,중도,Noun
해지,해지,해지,Noun
하는,하는,하다,Verb
경우,경우,경우,Noun
에는,에는,에는,Josa
해지,해지,해지,Noun
이용,이용,이용,Noun
일수,일수,일수,Noun
1일,1일,1일,Number
기준,기준,기준,Noun
금액,금액,금액,Noun
계산,계산,계산,Noun
하여,하여,하다,Verb
이용,이용,이용,Noun
금액,금액,금액,Noun
공제,공제,공제,Noun
한,한,한,Josa
후,후,후,Noun
환불,환불,환불,Noun
합니다,합니다,하다,Verb
.,.,.,Punctuation
장기,장기,장기,Noun
계약,계약,계약,Noun
이나,이나,이나,Josa
제휴,제휴,제휴,Noun
계약,계약,계약,Noun
대해,대해,대해,Noun
서는,서는,서다,Verb
해당,해당,해당,Noun
회원,회원,회원,Noun
개별,개별,개별,Noun
적,적,적,Suffix
인,인,인,Josa
협의,협의,협의,Noun
통,통,통,Noun
하여,하여,하다,Verb
처리,처리,처리,Noun
합니다,합니다,하다,Verb
.,.,.,Punctuation
③,③,③,Foreign
회사,회사,회사,Noun
는,는,는,Josa
유료,유료,유료,Noun
이용,이용,이용,Noun
계약,계약,계약,Noun
등록,등록,등록,Noun
된,된,되다,Verb
광고,광고,광고,Noun
20조,20조,20조,Number
명시,명시,명시,Noun
된,된,되다,Verb
허위,허위,허위,Noun
광고,광고,광고,Noun
해당,해당,해당,Noun
되는,되는,되다,Verb
경우,경우,경우,Noun
에는,에는,에는,Josa
해당,해당,해당,Noun
광고,광고,광고,Noun
게재,게재,게재,Noun
중단,중단,중단,Noun
하고,하고,하고,Josa
",",",",",",Punctuation
광고주,광고주,광고주,Noun
와의,와의,와의,Josa
협의,협의,협의,Noun
통해,통해,통해,Noun
해당,해당,해당,Noun
광고,광고,광고,Noun
적법하게,적법하게,적법하다,Adjective
수정,수정,수정,Noun
거나,거나,거나,Noun
광고주,광고주,광고주,Noun
수정,수정,수정,Noun
거절,거절,거절,Noun
할,할,하다,Verb
경우,경우,경우,Noun
에는,에는,에는,Josa
유료,유료,유료,Noun
이용,이용,이용,Noun
계약,계약,계약,Noun
해지,해지,해지,Noun
할,할,하다,Verb
수,수,수,Noun
있습니다,있습니다,있다,Adjective
.,.,.,Punctuation
④,④,④,Foreign
회사,회사,회사,Noun
는,는,는,Josa
회원,회원,회원,Noun
허위,허위,허위,Noun
광고,광고,광고,Noun
대한,대한,대한,Noun
유료,유료,유료,Noun
이용,이용,이용,Noun
계약,계약,계약,Noun
해지,해지,해지,Noun
하는,하는,하다,Verb
경우,경우,경우,Noun
에는,에는,에는,Josa
기,기,기,Noun
지불,지불,지불,Noun
된,된,되다,Verb
광고,광고,광고,Noun
료,료,료,Noun
일체,일체,일체,Noun
반환,반환,반환,Noun
하지,하지,하다,Verb
않습니다,않습니다,않다,Verb
.,.,.,Punctuation
8,8,8,Number
장,장,장,Noun
손해배상,손해배상,손해배상,Noun
사항,사항,사항,Noun
23조,23조,23조,Number
손해배상,손해배상,손해배상,Noun
면책,면책,면책,Noun
①,①,①,Foreign
회사,회사,회사,Noun
는,는,는,Josa
호의,호의,호의,Noun
경우,경우,경우,Noun
서비스,서비스,서비스,Noun
제공,제공,제공,Noun
할,할,하다,Verb
수,수,수,Noun
없는,없는,없다,Adjective
경우,경우,경우,Noun
",",",",",",Punctuation
이로,이로,이로,Noun
인하여,인하여,인하다,Adjective
회원,회원,회원,Noun
발생,발생,발생,Noun
한,한,한,Josa
손해,손해,손해,Noun
대해,대해,대해,Noun
서는,서는,서다,Verb
일체,일체,일체,Noun
책임,책임,책임,Noun
부담,부담,부담,Noun
하지,하지,하다,Verb
않습니다,않습니다,않다,Verb
.,.,.,Punctuation
1,1,1,Number
.,.,.,Punctuation
천재지변,천재지변,천재지변,Noun
",",",",",",Punctuation
국가,국가,국가,Noun
적,적,적,Suffix
인,인,인,Josa
재난,재난,재난,Noun
또는,또는,또는,Adverb
준,준,준,Noun
하는,하는,하다,Verb
불가항력,불가항력,불가항력,Noun
적,적,적,Suffix
인,인,인,Josa
사태,사태,사태,Noun
인한,인한,인하다,Adjective
경우,경우,경우,Noun
2,2,2,Number
.,.,.,Punctuation
비밀번호,비밀번호,비밀번호,Noun
분실,분실,분실,Noun
회원,회원,회원,Noun
귀,귀,귀,Modifier
책,책,책,Noun
사유,사유,사유,Noun
서비스,서비스,서비스,Noun
이용,이용,이용,Noun
장애,장애,장애,Noun
있는,있는,있다,Adjective
경우,경우,경우,Noun
3,3,3,Number
.,.,.,Punctuation
회사,회사,회사,Noun
고의,고의,고의,Noun
과실,과실,과실,Noun
없는,없는,없다,Adjective
불가피한,불가피한,불가피하다,Adjective
사유,사유,사유,Noun
인한,인한,인하다,Adjective
경우,경우,경우,Noun
②,②,②,Foreign
회사,회사,회사,Noun
는,는,는,Josa
광고주,광고주,광고주,Noun
회원,회원,회원,Noun
서비스,서비스,서비스,Noun
상,상,상,Suffix
등록,등록,등록,Noun
한,한,한,Josa
정보,정보,정보,Noun
자료,자료,자료,Noun
신뢰,신뢰,신뢰,Noun
도,도,도,Josa
",",",",",",Punctuation
정확성,정확성,정확성,Noun
대해,대해,대해,Noun
서는,서는,서다,Verb
보증,보증,보증,Noun
하지,하지,하다,Verb
않으며,않으며,않다,Verb
",",",",",",Punctuation
이로,이로,이로,Noun
인해,인해,인하다,Adjective
발생,발생,발생,Noun
한,한,한,Josa
회원,회원,회원,Noun
손해,손해,손해,Noun
대하,대하,대하,Noun
일체,일체,일체,Noun
민,민,민,Noun
형사,형사,형사,Noun
상의,상의,상의,Noun
법적,법적,법적,Noun
책임,책임,책임,Noun
부담,부담,부담,Noun
하지,하지,하다,Verb
않습니다,않습니다,않다,Verb
.,.,.,Punctuation
③,③,③,Foreign
회사,회사,회사,Noun
는,는,는,Josa
회원,회원,회원,Noun
회사,회사,회사,Noun
서비스,서비스,서비스,Noun
통해,통해,통해,Noun
기대한,기대한,기대하다,Adjective
수익,수익,수익,Noun
상실하거나,상실하거나,상실하다,Adjective
제휴,제휴,제휴,Noun
서비스,서비스,서비스,Noun
통,통,통,Noun
하여,하여,하다,Verb
입은,입은,입다,Verb
손해,손해,손해,Noun
관,관,관,Noun
하여,하여,하다,Verb
일체,일체,일체,Noun
책임,책임,책임,Noun
지지,지지,지지,Noun
않습니다,않습니다,않다,Verb
.,.,.,Punctuation
④,④,④,Foreign
회원,회원,회원,Noun
회사,회사,회사,Noun
서비스,서비스,서비스,Noun
게시판,게시판,게시판,Noun
게재,게재,게재,Noun
한,한,한,Josa
정보,정보,정보,Noun
",",",",",",Punctuation
자료,자료,자료,Noun
",",",",",",Punctuation
의견,의견,의견,Noun
정확성,정확성,정확성,Noun
이나,이나,이나,Josa
사실,사실,사실,Noun
유무,유무,유무,Noun
신뢰,신뢰,신뢰,Noun
도,도,도,Noun
대한,대한,대한,Noun
책임,책임,책임,Noun
은,은,은,Josa
전적,전적,전적,Noun
해당,해당,해당,Noun
정보,정보,정보,Noun
등록,등록,등록,Noun
한,한,한,Josa
회원,회원,회원,Noun
있습니다,있습니다,있다,Adjective
.,.,.,Punctuation
⑤,⑤,⑤,Foreign
회사,회사,회사,Noun
는,는,는,Josa
회원,회원,회원,Noun
고의,고의,고의,Noun
",",",",",",Punctuation
과실,과실,과실,Noun
의한,의한,의하다,Adjective
손해,손해,손해,Noun
대하,대하,대하,Noun
책임,책임,책임,Noun
지지,지지,지지,Noun
않습니다,않습니다,않다,Verb
.,.,.,Punctuation
⑥,⑥,⑥,Foreign
회사,회사,회사,Noun
는,는,는,Josa
무료,무료,무료,Noun
제공,제공,제공,Noun
되는,되는,되다,Verb
서비스,서비스,서비스,Noun
정보,정보,정보,Noun
이용,이용,이용,Noun
관련,관련,관련,Noun
된,된,되다,Verb
회원,회원,회원,Noun
손해,손해,손해,Noun
대하,대하,대하,Noun
책임,책임,책임,Noun
지지,지지,지지,Noun
않습니다,않습니다,않다,Verb
.,.,.,Punctuation
⑦,⑦,⑦,Foreign
회사,회사,회사,Noun
는,는,는,Josa
회사,회사,회사,Noun
제공,제공,제공,Noun
하는,하는,하다,Verb
서비스,서비스,서비스,Noun
통,통,통,Noun
하여,하여,하다,Verb
회원,회원,회원,Noun
간,간,간,Suffix
이루어진,이루어진,이루어지다,Verb
거래,거래,거래,Noun
인해,인해,인하다,Adjective
발생,발생,발생,Noun
한,한,한,Josa
손해,손해,손해,Noun
대하,대하,대하,Noun
책임,책임,책임,Noun
지지,지지,지지,Noun
않습니다,않습니다,않다,Verb
.,.,.,Punctuation
24조,24조,24조,Number
이용자,이용자,이용자,Noun
보호,보호,보호,Noun
①,①,①,Foreign
회사,회사,회사,Noun
는,는,는,Josa
이용자,이용자,이용자,Noun
권익,권익,권익,Noun
보호,보호,보호,Noun
하기,하기,하다,Verb
위,위,위,Noun
하여,하여,하다,Verb
상호,상호,상호,Noun
",",",",",",Punctuation
대표자,대표자,대표자,Noun
이름,이름,이름,Noun
",",",",",",Punctuation
영업소,영업소,영업소,Noun
소재지,소재지,소재지,Noun
전화번호,전화번호,전화번호,Noun
",",",",",",Punctuation
팩스,팩스,팩스,Noun
번호,번호,번호,Noun
",",",",",",Punctuation
전자우편,전자우편,전자우편,Noun
",",",",",",Punctuation
사업자,사업자,사업자,Noun
등록,등록,등록,Noun
번호,번호,번호,Noun
회사,회사,회사,Noun
신,신,신,Modifier
원,원,원,Modifier
정보,정보,정보,Noun
회사,회사,회사,Noun
운영,운영,운영,Noun
하는,하는,하다,Verb
공식,공식,공식,Noun
사이트,사이트,사이트,Noun
통해,통해,통해,Noun
표시,표시,표시,Noun
하고,하고,하고,Josa
있습니다,있습니다,있다,Adjective
.,.,.,Punctuation
②,②,②,Foreign
회사,회사,회사,Noun
는,는,는,Josa
공식,공식,공식,Noun
사이트,사이트,사이트,Noun
통해,통해,통해,Noun
본,본,보다,Verb
약관,약관,약관,Noun
열람,열람,열람,Noun
할,할,하다,Verb
수,수,수,Noun
있도록,있도록,있다,Adjective
상,상,상,Noun
시적,시적,시적,Noun
공시,공시,공시,Noun
하여,하여,하다,Verb
이용자,이용자,이용자,Noun
피해,피해,피해,Noun
최소,최소,최소,Noun
화하기,화하기,화하다,Adjective
위해,위해,위해,Noun
최선,최선,최선,Noun
노력,노력,노력,Noun
다,다,다,Noun
하고,하고,하고,Josa
있습니다,있습니다,있다,Adjective
.,.,.,Punctuation
25조,25조,25조,Number
분쟁,분쟁,분쟁,Noun
해결,해결,해결,Noun
①,①,①,Foreign
회사,회사,회사,Noun
는,는,는,Josa
회원,회원,회원,Noun
으로부터,으로부터,으로부터,Josa
제기,제기,제기,Noun
되는,되는,되다,Verb
서비스,서비스,서비스,Noun
불만,불만,불만,Noun
사항,사항,사항,Noun
의견,의견,의견,Noun
적,적,적,Suffix
처리,처리,처리,Noun
하고,하고,하고,Josa
",",",",",",Punctuation
회사,회사,회사,Noun
회원,회원,회원,Noun
간,간,간,Suffix
분쟁,분쟁,분쟁,Noun
신속하게,신속하게,신속하다,Adjective
처리,처리,처리,Noun
하기,하기,하다,Verb
위,위,위,Noun
하여,하여,하다,Verb
노력,노력,노력,Noun
합니다,합니다,하다,Verb
.,.,.,Punctuation
",",",",",",Punctuation
신속한,신속한,신속하다,Adjective
처리,처리,처리,Noun
곤란한,곤란한,곤란하다,Adjective
경우,경우,경우,Noun
에는,에는,에는,Josa
이용자,이용자,이용자,Noun
사유,사유,사유,Noun
처리,처리,처리,Noun
일정,일정,일정,Noun
전자우편,전자우편,전자우편,Noun
수단,수단,수단,Noun
통,통,통,Noun
하여,하여,하다,Verb
회원,회원,회원,Noun
통보,통보,통보,Noun
합니다,합니다,하다,Verb
.,.,.,Punctuation
②,②,②,Foreign
회원,회원,회원,Noun
회사,회사,회사,Noun
서비스,서비스,서비스,Noun
이용,이용,이용,Noun
하여,하여,하다,Verb
등록,등록,등록,Noun
한,한,한,Josa
자료,자료,자료,Noun
정보,정보,정보,Noun
대하,대하,대하,Noun
이용자,이용자,이용자,Noun
타,타,타,Modifier
저작권법,저작권법,저작권법,Noun
위반,위반,위반,Noun
이유,이유,이유,Noun
이의,이의,이의,Noun
제기,제기,제기,Noun
할,할,하다,Verb
경우,경우,경우,Noun
",",",",",",Punctuation
해당,해당,해당,Noun
회원,회원,회원,Noun
은,은,은,Josa
이의,이의,이의,Noun
제기,제기,제기,Noun
한,한,한,Josa
당사자,당사자,당사자,Noun
분쟁,분쟁,분쟁,Noun
원만하게,원만하게,원만하다,Adjective
해결,해결,해결,Noun
할,할,하다,Verb
책임,책임,책임,Noun
있으며,있으며,있다,Adjective
회사,회사,회사,Noun
에서는,에서는,에서는,Josa
일체,일체,일체,Noun
책임,책임,책임,Noun
지지,지지,지지,Noun
않습니다,않습니다,않다,Verb
.,.,.,Punctuation
③,③,③,Foreign
회사,회사,회사,Noun
는,는,는,Josa
회사,회사,회사,Noun
게시판,게시판,게시판,Noun
통,통,통,Noun
하여,하여,하다,Verb
회원,회원,회원,Noun
간,간,간,Suffix
의견,의견,의견,Noun
충돌,충돌,충돌,Noun
이나,이나,이나,Josa
명예훼손,명예훼손,명예훼손,Noun
시비,시비,시비,Noun
같은,같은,같다,Adjective
분쟁,분쟁,분쟁,Noun
대하,대하,대하,Noun
일체,일체,일체,Noun
관여,관여,관여,Noun
하지,하지,하다,Verb
않습니다,않습니다,않다,Verb
.,.,.,Punctuation
",",",",",",Punctuation
게시판,게시판,게시판,Noun
등록,등록,등록,Noun
된,된,되다,Verb
내용,내용,내용,Noun
16조,16조,16조,Number
명시,명시,명시,Noun
된,된,되다,Verb
조항,조항,조항,Noun
해당,해당,해당,Noun
될,될,되다,Verb
경우,경우,경우,Noun
에는,에는,에는,Josa
17조,17조,17조,Number
게시,게시,게시,Noun
물,물,물,Noun
관리,관리,관리,Noun
규정,규정,규정,Noun
처리,처리,처리,Noun
합니다,합니다,하다,Verb
.,.,.,Punctuation
④,④,④,Foreign
회사,회사,회사,Noun
는,는,는,Josa
1,1,1,Number
항,항,항,Noun
2,2,2,Number
항,항,항,Noun
관련,관련,관련,Noun
하여,하여,하다,Verb
발생,발생,발생,Noun
하는,하는,하다,Verb
일체,일체,일체,Noun
법률,법률,법률,Noun
적,적,적,Suffix
인,인,인,Josa
분쟁,분쟁,분쟁,Noun
대하,대하,대하,Noun
회사,회사,회사,Noun
주소지,주소지,주소지,Noun
관할,관할,관할,Noun
법원,법원,법원,Noun
배타,배타,배타,Noun
적,적,적,Suffix
인,인,인,Josa
1,1,1,Number
심,심,심,Noun
전속,전속,전속,Noun
관할,관할,관할,Noun
법원,법원,법원,Noun
지정,지정,지정,Noun
하여,하여,하다,Verb
처리,처리,처리,Noun
합니다,합니다,하다,Verb
.,.,.,Punctuation
부,부,부,Noun
칙,칙,칙,Noun
약관,약관,약관,Noun
은,은,은,Josa
2023년,2023년,2023년,Number
11월,11월,11월,Number
14일,14일,14일,Number
시행,시행,시행,Noun
합니다,합니다,하다,Verb
.,.,.,Punctuation
이전,이전,이전,Noun
회원,회원,회원,Noun
약관,약관,약관,Noun
은,은,은,Josa
본,본,보다,Verb
약관,약관,약관,Noun
대체,대체,대체,Noun
합니다,합니다,하다,Verb
.,.,.,Punctuation
개인정보,개인정보,개인정보,Noun
처리,처리,처리,Noun
방침,방침,방침,Noun
동의,동의,동의,Noun
필수,필수,필수,Noun
1,1,1,Number
.,.,.,Punctuation
개인정보,개인정보,개인정보,Noun
수집,수집,수집,Noun
이용,이용,이용,Noun
목적,목적,목적,Noun
1,1,1,Number
회사,회사,회사,Noun
제공,제공,제공,Noun
하는,하는,하다,Verb
하이,하이,하이,Noun
브레인,브레인,브레인,Noun
",",",",",",Punctuation
하이,하이,하이,Noun
드넷,드넷,드넷,Noun
이하,이하,이하,Noun
사이트,사이트,사이트,Noun
대부분,대부분,대부분,Noun
서비스,서비스,서비스,Noun
정보,정보,정보,Noun
는,는,는,Josa
별도,별도,별도,Noun
회원,회원,회원,Noun
가입,가입,가입,Noun
절차,절차,절차,Noun
없이,없이,없이,Adverb
모든,모든,모든,Noun
이용자,이용자,이용자,Noun
자유롭게,자유롭게,자유롭다,Adjective
무료,무료,무료,Noun
이용,이용,이용,Noun
할,할,하다,Verb
수,수,수,Noun
있습니다,있습니다,있다,Adjective
.,.,.,Punctuation
회사,회사,회사,Noun
운영,운영,운영,Noun
정책,정책,정책,Noun
특정,특정,특정,Noun
서비스,서비스,서비스,Noun
이용,이용,이용,Noun
이나,이나,이나,Josa
일부,일부,일부,Noun
정보,정보,정보,Noun
열람,열람,열람,Noun
은,은,은,Josa
회원,회원,회원,Noun
전용,전용,전용,Noun
운영,운영,운영,Noun
되고,되고,되다,Verb
있습니다,있습니다,있다,Adjective
.,.,.,Punctuation
회사,회사,회사,Noun
는,는,는,Josa
회원,회원,회원,Noun
전용,전용,전용,Noun
서비스,서비스,서비스,Noun
이용,이용,이용,Noun
원하는,원하는,원하다,Adjective
이용자,이용자,이용자,Noun
대하,대하,대하,Noun
같은,같은,같다,Adjective
개인정보,개인정보,개인정보,Noun
수집,수집,수집,Noun
하고,하고,하고,Josa
있으며,있으며,있다,Adjective
",",",",",",Punctuation
수집,수집,수집,Noun
이용,이용,이용,Noun
목적,목적,목적,Noun
이외,이외,이외,Noun
로는,로는,로는,Josa
사용,사용,사용,Noun
되지,되지,되다,Verb
않습니다,않습니다,않다,Verb
.,.,.,Punctuation
구분,구분,구분,Noun
수집,수집,수집,Noun
항목,항목,항목,Noun
수집,수집,수집,Noun
이용,이용,이용,Noun
목적,목적,목적,Noun
회원,회원,회원,Noun
가입,가입,가입,Noun
소셜,소셜,소셜,Noun
회원,회원,회원,Noun
가입,가입,가입,Noun
공통,공통,공통,Noun
필수,필수,필수,Noun
항목,항목,항목,Noun
이름,이름,이름,Noun
",",",",",",Punctuation
아이디,아이디,아이디,Noun
",",",",",",Punctuation
비밀번호,비밀번호,비밀번호,Noun
",",",",",",Punctuation
닉네임,닉네임,닉네임,Noun
",",",",",",Punctuation
이메일,이메일,이메일,Noun
출생,출생,출생,Noun
년도,년도,년도,Noun
",",",",",",Punctuation
성별,성별,성별,Noun
",",",",",",Punctuation
본인,본인,본인,Noun
인증,인증,인증,Noun
정보,정보,정보,Noun
또는,또는,또는,Adverb
중복,중복,중복,Noun
가입,가입,가입,Noun
확인,확인,확인,Noun
DI,DI,DI,Alpha
정보,정보,정보,Noun
회원,회원,회원,Noun
서비스,서비스,서비스,Noun
이용,이용,이용,Noun
따른,따른,따르다,Verb
본인,본인,본인,Noun
식별,식별,식별,Noun
절차,절차,절차,Noun
용,용,용,Noun
공지,공지,공지,Noun
사항,사항,사항,Noun
전달,전달,전달,Noun
",",",",",",Punctuation
본인,본인,본인,Noun
의사,의사,의사,Noun
확인,확인,확인,Noun
",",",",",",Punctuation
불만,불만,불만,Noun
처리,처리,처리,Noun
원활한,원활한,원활하다,Adjective
의사소통,의사소통,의사소통,Noun
경로,경로,경로,Noun
확보,확보,확보,Noun
선택,선택,선택,Noun
휴대폰,휴대폰,휴대폰,Noun
",",",",",",Punctuation
전화번호,전화번호,전화번호,Noun
하이,하이,하이,Noun
브레인,브레인,브레인,Noun
필수,필수,필수,Noun
항목,항목,항목,Noun
최종,최종,최종,Noun
학력,학력,학력,Noun
",",",",",",Punctuation
최종,최종,최종,Noun
학위,학위,학위,Noun
취득,취득,취득,Noun
정국,정국,정국,Noun
주,주,주,Modifier
전공,전공,전공,Noun
분,분,분,Suffix
",",",",",",Punctuation
뉴스레터,뉴스레터,뉴스레터,Noun
수,수,수,Modifier
신,신,신,Modifier
석,석,석,Modifier
박사,박사,박사,Noun
회원,회원,회원,Noun
확,확,확,Noun
인용,인용,인용,Noun
",",",",",",Punctuation
서비스,서비스,서비스,Noun
별,별,별,Noun
접근권,접근권,접근권,Noun
한,한,한,Josa
허용,허용,허용,Noun
인구,인구,인구,Noun
통계학,통계학,통계학,Noun
적,적,적,Suffix
분석,분석,분석,Noun
용,용,용,Noun
소셜,소셜,소셜,Noun
정보,정보,정보,Noun
SNS,SNS,SNS,Alpha
종류,종류,종류,Noun
",",",",",",Punctuation
고유,고유,고유,Noun
아이디,아이디,아이디,Noun
간편,간편,간편,Noun
로그,로그,로그,Noun
인용,인용,인용,Noun
프로모션,프로모션,프로모션,Noun
정보,정보,정보,Noun
수신,수신,수신,Noun
동의,동의,동의,Noun
선택,선택,선택,Noun
휴대폰,휴대폰,휴대폰,Noun
",",",",",",Punctuation
이메일,이메일,이메일,Noun
",",",",",",Punctuation
App,App,App,Alpha
push,push,push,Alpha
설문조사,설문조사,설문조사,Noun
이벤트,이벤트,이벤트,Noun
참여,참여,참여,Noun
기회,기회,기회,Noun
제공,제공,제공,Noun
",",",",",",Punctuation
광고,광고,광고,Noun
마케팅,마케팅,마케팅,Noun
정보,정보,정보,Noun
제공,제공,제공,Noun
채용정보,채용정보,채용정보,Noun
등록,등록,등록,Noun
하이,하이,하이,Noun
브레인,브레인,브레인,Noun
필수,필수,필수,Noun
담당자,담당자,담당자,Noun
이름,이름,이름,Noun
",",",",",",Punctuation
전화번호,전화번호,전화번호,Noun
",",",",",",Punctuation
이메일,이메일,이메일,Noun
공고,공고,공고,Noun
효과,효과,효과,Noun
적,적,적,Suffix
인,인,인,Josa
홍보,홍보,홍보,Noun
정보,정보,정보,Noun
도용,도용,도용,Noun
허위,허위,허위,Noun
정보,정보,정보,Noun
게재,게재,게재,Noun
인한,인한,인하다,Adjective
피해,피해,피해,Noun
방지,방지,방지,Noun
하기,하기,하다,Verb
위해,위해,위해,Noun
공고,공고,공고,Noun
담당자,담당자,담당자,Noun
정보,정보,정보,Noun
확보,확보,확보,Noun
모집,모집,모집,Noun
정보,정보,정보,Noun
등록,등록,등록,Noun
결과,결과,결과,Noun
안,안,안,Noun
내용,내용,내용,Noun
선택,선택,선택,Noun
사업자,사업자,사업자,Noun
증빙,증빙,증빙,Noun
서류,서류,서류,Noun
사업자,사업자,사업자,Noun
등록,등록,등록,Noun
번호,번호,번호,Noun
",",",",",",Punctuation
기업,기업,기업,Noun
명,명,명,Suffix
",",",",",",Punctuation
대표자,대표자,대표자,Noun
명,명,명,Suffix
",",",",",",Punctuation
개업,개업,개업,Noun
년월,년월,년월,Noun
또는,또는,또는,Adverb
사업자,사업자,사업자,Noun
등록증,등록증,등록증,Noun
구인,구인,구인,Noun
증빙,증빙,증빙,Noun
서류,서류,서류,Noun
신분증,신분증,신분증,Noun
",",",",",",Punctuation
통장,통장,통장,Noun
사본,사본,사본,Noun
",",",",",",Punctuation
재직,재직,재직,Noun
증명서,증명서,증명서,Noun
중,중,중,Noun
1,1,1,Number
개,개,개,Noun
휴대폰,휴대폰,휴대폰,Noun
직업,직업,직업,Noun
안,안,안,Noun
정법,정법,정법,Noun
25조,25조,25조,Number
시행,시행,시행,Noun
28조,28조,28조,Number
직업,직업,직업,Noun
정보,정보,정보,Noun
공,공,공,Modifier
사업자,사업자,사업자,Noun
준수,준수,준수,Noun
사항,사항,사항,Noun
개정,개정,개정,Noun
2022.12,2022.12,2022.12,Number
.,.,.,Punctuation
27,27,27,Number
",",",",",",Punctuation
구인,구인,구인,Noun
업체,업체,업체,Noun
정보,정보,정보,Noun
확인,확인,확인,Noun
할,할,하다,Verb
수,수,수,Noun
있는,있는,있다,Adjective
사업자,사업자,사업자,Noun
정보,정보,정보,Noun
확보,확보,확보,Noun
사업자,사업자,사업자,Noun
등록,등록,등록,Noun
없는,없는,없다,Adjective
경우,경우,경우,Noun
",",",",",",Punctuation
구인,구인,구인,Noun
신원,신원,신원,Noun
정보,정보,정보,Noun
확인,확인,확인,Noun
위,위,위,Noun
한,한,한,Josa
구인,구인,구인,Noun
서류,서류,서류,Noun
확보,확보,확보,Noun
대학원생,대학원생,대학원생,Noun
모집,모집,모집,Noun
정보,정보,정보,Noun
등록,등록,등록,Noun
하이,하이,하이,Noun
드넷,드넷,드넷,Noun
필수,필수,필수,Noun
담당자,담당자,담당자,Noun
이름,이름,이름,Noun
",",",",",",Punctuation
전화번호,전화번호,전화번호,Noun
",",",",",",Punctuation
이메일,이메일,이메일,Noun
공고,공고,공고,Noun
효과,효과,효과,Noun
적,적,적,Suffix
인,인,인,Josa
홍보,홍보,홍보,Noun
정보,정보,정보,Noun
도용,도용,도용,Noun
허위,허위,허위,Noun
정보,정보,정보,Noun
게재,게재,게재,Noun
인한,인한,인하다,Adjective
피해,피해,피해,Noun
방지,방지,방지,Noun
하기,하기,하다,Verb
위해,위해,위해,Noun
공고,공고,공고,Noun
담당자,담당자,담당자,Noun
정보,정보,정보,Noun
확보,확보,확보,Noun
",",",",",",Punctuation
모집,모집,모집,Noun
정보,정보,정보,Noun
등록,등록,등록,Noun
결과,결과,결과,Noun
안,안,안,Noun
내용,내용,내용,Noun
유료,유료,유료,Noun
광고,광고,광고,Noun
문의,문의,문의,Noun
필수,필수,필수,Noun
담당자,담당자,담당자,Noun
이름,이름,이름,Noun
",",",",",",Punctuation
전화번호,전화번호,전화번호,Noun
",",",",",",Punctuation
이메일,이메일,이메일,Noun
유료,유료,유료,Noun
광고,광고,광고,Noun
신청,신청,신청,Noun
따른,따른,따르다,Verb
원활한,원활한,원활하다,Adjective
상담,상담,상담,Noun
제공,제공,제공,Noun
결제,결제,결제,Noun
방법,방법,방법,Noun
따른,따른,따르다,Verb
수집,수집,수집,Noun
항목,항목,항목,Noun
카드,카드,카드,Noun
결제,결제,결제,Noun
카드,카드,카드,Noun
사명,사명,사명,Noun
",",",",",",Punctuation
카드,카드,카드,Noun
번호,번호,번호,Noun
세금,세금,세금,Noun
계산서,계산서,계산서,Noun
발급,발급,발급,Noun
사업자,사업자,사업자,Noun
등록증,등록증,등록증,Noun
",",",",",",Punctuation
수신,수신,수신,Noun
담당자,담당자,담당자,Noun
",",",",",",Punctuation
연락처,연락처,연락처,Noun
",",",",",",Punctuation
수신,수신,수신,Noun
이메일,이메일,이메일,Noun
현금영수증,현금영수증,현금영수증,Noun
발급,발급,발급,Noun
휴대폰,휴대폰,휴대폰,Noun
",",",",",",Punctuation
사업자,사업자,사업자,Noun
등록,등록,등록,Noun
번호,번호,번호,Noun
중,중,중,Noun
택,택,택,Noun
1,1,1,Number
유료,유료,유료,Noun
광고,광고,광고,Noun
이용,이용,이용,Noun
시,시,시,Noun
요,요,요,Modifier
금정산,금정산,금정산,Noun
영수증,영수증,영수증,Noun
발급,발급,발급,Noun
용,용,용,Noun
카드,카드,카드,Noun
결제,결제,결제,Noun
정보,정보,정보,Noun
는,는,는,Josa
당사,당사,당사,Noun
관리,관리,관리,Noun
하지,하지,하다,Verb
않으며,않으며,않다,Verb
",",",",",",Punctuation
결제,결제,결제,Noun
대행,대행,대행,Noun
업체,업체,업체,Noun
에서만,에서만,에서만,Josa
저장,저장,저장,Noun
관리,관리,관리,Noun
합니다,합니다,하다,Verb
.,.,.,Punctuation
온라인,온라인,온라인,Noun
지원,지원,지원,Noun
하이,하이,하이,Noun
드넷,드넷,드넷,Noun
필수,필수,필수,Noun
이름,이름,이름,Noun
",",",",",",Punctuation
최종,최종,최종,Noun
학력,학력,학력,Noun
",",",",",",Punctuation
이메일,이메일,이메일,Noun
",",",",",",Punctuation
휴대폰,휴대폰,휴대폰,Noun
",",",",",",Punctuation
소개,소개,소개,Noun
선택,선택,선택,Noun
전화번호,전화번호,전화번호,Noun
지원,지원,지원,Noun
본인,본인,본인,Noun
확인,확인,확인,Noun
대학원,대학원,대학원,Noun
지원,지원,지원,Noun
절차,절차,절차,Noun
처리,처리,처리,Noun
위해,위해,위해,Noun
활용,활용,활용,Noun
지원,지원,지원,Noun
결과,결과,결과,Noun
일정,일정,일정,Noun
안내,안내,안내,Noun
제휴,제휴,제휴,Noun
문의,문의,문의,Noun
선,선,선,Noun
결제,결제,결제,Noun
장기,장기,장기,Noun
계약,계약,계약,Noun
문의,문의,문의,Noun
필수,필수,필수,Noun
담당자,담당자,담당자,Noun
이름,이름,이름,Noun
",",",",",",Punctuation
이메일,이메일,이메일,Noun
",",",",",",Punctuation
연락처,연락처,연락처,Noun
제휴,제휴,제휴,Noun
서비스,서비스,서비스,Noun
제안,제안,제안,Noun
문의,문의,문의,Noun
대한,대한,대한,Noun
답변,답변,답변,Noun
용,용,용,Noun
고객,고객,고객,Noun
문의,문의,문의,Noun
상담,상담,상담,Noun
필수,필수,필수,Noun
담당자,담당자,담당자,Noun
이름,이름,이름,Noun
",",",",",",Punctuation
이메일,이메일,이메일,Noun
",",",",",",Punctuation
연락처,연락처,연락처,Noun
",",",",",",Punctuation
상담,상담,상담,Noun
내용,내용,내용,Noun
상담,상담,상담,Noun
내용,내용,내용,Noun
기록,기록,기록,Noun
서비스,서비스,서비스,Noun
문의,문의,문의,Noun
",",",",",",Punctuation
제안,제안,제안,Noun
대한,대한,대한,Noun
답변,답변,답변,Noun
용,용,용,Noun
이벤트,이벤트,이벤트,Noun
설문조사,설문조사,설문조사,Noun
필수,필수,필수,Noun
이름,이름,이름,Noun
",",",",",",Punctuation
휴대폰,휴대폰,휴대폰,Noun
",",",",",",Punctuation
이메일,이메일,이메일,Noun
이벤트,이벤트,이벤트,Noun
당첨,당첨,당첨,Noun
시,시,시,Noun
",",",",",",Punctuation
본인,본인,본인,Noun
확인,확인,확인,Noun
경품,경품,경품,Noun
배송,배송,배송,Noun
용,용,용,Noun
2,2,2,Number
서비스,서비스,서비스,Noun
이용,이용,이용,Noun
과정,과정,과정,Noun
이나,이나,이나,Josa
처리,처리,처리,Noun
과정,과정,과정,Noun
아래,아래,아래,Noun
같은,같은,같다,Adjective
정보,정보,정보,Noun
자동,자동,자동,Noun
생,생,생,Noun
성,성,성,Suffix
되어,되어,되어다,Verb
수집,수집,수집,Noun
될,될,되다,Verb
수,수,수,Noun
있습니다,있습니다,있다,Adjective
.,.,.,Punctuation
IP,IP,IP,Alpha
주소,주소,주소,Noun
",",",",",",Punctuation
쿠키,쿠키,쿠키,Noun
",",",",",",Punctuation
방문,방문,방문,Noun
일시,일시,일시,Noun
",",",",",",Punctuation
서비스,서비스,서비스,Noun
이용,이용,이용,Noun
기록,기록,기록,Noun
",",",",",",Punctuation
불량,불량,불량,Noun
이용,이용,이용,Noun
기록,기록,기록,Noun
",",",",",",Punctuation
모바일,모바일,모바일,Noun
기기,기기,기기,Noun
정보,정보,정보,Noun
OS,OS,OS,Alpha
버전,버전,버전,Noun
",",",",",",Punctuation
디바이스,디바이스,디바이스,Noun
토큰,토큰,토큰,Noun
3,3,3,Number
회사,회사,회사,Noun
는,는,는,Josa
개인,개인,개인,Noun
대한,대한,대한,Noun
인권,인권,인권,Noun
침해,침해,침해,Noun
우려,우려,우려,Noun
있는,있는,있다,Adjective
아래,아래,아래,Noun
같은,같은,같다,Adjective
민감한,민감한,민감하다,Adjective
개인정보,개인정보,개인정보,Noun
는,는,는,Josa
일체,일체,일체,Noun
수집,수집,수집,Noun
하지,하지,하다,Verb
않습니다,않습니다,않다,Verb
.,.,.,Punctuation
인종,인종,인종,Noun
민족,민족,민족,Noun
",",",",",",Punctuation
사상,사상,사상,Noun
신조,신조,신조,Noun
",",",",",",Punctuation
출신,출신,출신,Noun
지,지,지,Josa
본적지,본적지,본적지,Noun
",",",",",",Punctuation
정치,정치,정치,Noun
적,적,적,Suffix
성향,성향,성향,Noun
범죄,범죄,범죄,Noun
기록,기록,기록,Noun
",",",",",",Punctuation
건강,건강,건강,Noun
상태,상태,상태,Noun
성생활,성생활,성생활,Noun
4,4,4,Number
회사,회사,회사,Noun
는,는,는,Josa
위,위,위,Noun
수집,수집,수집,Noun
방법,방법,방법,Noun
외,외,외,Noun
개인정보,개인정보,개인정보,Noun
추가,추가,추가,Noun
수집,수집,수집,Noun
할,할,하다,Verb
경우,경우,경우,Noun
에는,에는,에는,Josa
해당,해당,해당,Noun
개인정보,개인정보,개인정보,Noun
수집,수집,수집,Noun
시점,시점,시점,Noun
이용자,이용자,이용자,Noun
수집,수집,수집,Noun
하는,하는,하다,Verb
개인정보,개인정보,개인정보,Noun
항목,항목,항목,Noun
",",",",",",Punctuation
개인정보,개인정보,개인정보,Noun
수집,수집,수집,Noun
이용,이용,이용,Noun
목적,목적,목적,Noun
",",",",",",Punctuation
개인정보,개인정보,개인정보,Noun
보관,보관,보관,Noun
기간,기간,기간,Noun
대해,대해,대해,Noun
안내,안내,안내,Noun
하고,하고,하고,Josa
동의,동의,동의,Noun
받습니다,받습니다,받다,Verb
.,.,.,Punctuation
단,단,단,Noun
",",",",",",Punctuation
회사,회사,회사,Noun
요구,요구,요구,Noun
하지,하지,하다,Verb
않은,않은,않다,Verb
개인정보,개인정보,개인정보,Noun
회원,회원,회원,Noun
사이트,사이트,사이트,Noun
등록,등록,등록,Noun
한,한,한,Josa
경우,경우,경우,Noun
",",",",",",Punctuation
회사,회사,회사,Noun
는,는,는,Josa
해당,해당,해당,Noun
개인정보,개인정보,개인정보,Noun
이용,이용,이용,Noun
거나,거나,거나,Noun
관리,관리,관리,Noun
하지,하지,하다,Verb
않으며,않으며,않다,Verb
대한,대한,대한,Noun
책임,책임,책임,Noun
도,도,도,Josa
지지,지지,지지,Noun
않습니다,않습니다,않다,Verb
.,.,.,Punctuation
5,5,5,Number
회사,회사,회사,Noun
는,는,는,Josa
같은,같은,같다,Adjective
방법,방법,방법,Noun
해당,해당,해당,Noun
서비스,서비스,서비스,Noun
필요한,필요한,필요하다,Adjective
개인정보,개인정보,개인정보,Noun
수집,수집,수집,Noun
할,할,하다,Verb
수,수,수,Noun
있습니다,있습니다,있다,Adjective
.,.,.,Punctuation
공식,공식,공식,Noun
사이트,사이트,사이트,Noun
",",",",",",Punctuation
모바일,모바일,모바일,Noun
앱,앱,앱,Noun
",",",",",",Punctuation
게시판,게시판,게시판,Noun
",",",",",",Punctuation
이벤트,이벤트,이벤트,Noun
",",",",",",Punctuation
전자우편,전자우편,전자우편,Noun
",",",",",",Punctuation
전화,전화,전화,Noun
",",",",",",Punctuation
팩스,팩스,팩스,Noun
",",",",",",Punctuation
고객,고객,고객,Noun
센터,센터,센터,Noun
",",",",",",Punctuation
우편,우편,우편,Noun
",",",",",",Punctuation
SNS,SNS,SNS,Alpha
6,6,6,Number
회사,회사,회사,Noun
는,는,는,Josa
개인정보,개인정보,개인정보,Noun
수,수,수,Modifier
집시,집시,집시,Noun
서비스,서비스,서비스,Noun
제공,제공,제공,Noun
필요한,필요한,필요하다,Adjective
최소한,최소한,최소한,Noun
개인정보,개인정보,개인정보,Noun
는,는,는,Josa
필수,필수,필수,Noun
항목,항목,항목,Noun
외,외,외,Noun
개인정보,개인정보,개인정보,Noun
는,는,는,Josa
선택,선택,선택,Noun
항목,항목,항목,Noun
설정,설정,설정,Noun
하여,하여,하다,Verb
수집,수집,수집,Noun
하고,하고,하고,Josa
",",",",",",Punctuation
선택,선택,선택,Noun
항목,항목,항목,Noun
은,은,은,Josa
기재,기재,기재,Noun
생략,생략,생략,Noun
할,할,하다,Verb
수,수,수,Noun
있습니다,있습니다,있다,Adjective
.,.,.,Punctuation
회사,회사,회사,Noun
는,는,는,Josa
이용자,이용자,이용자,Noun
필수,필수,필수,Noun
항목,항목,항목,Noun
외,외,외,Noun
개인정보,개인정보,개인정보,Noun
제공,제공,제공,Noun
하지,하지,하다,Verb
않는다는,않는다는,않다,Verb
이유,이유,이유,Noun
해당,해당,해당,Noun
서비스,서비스,서비스,Noun
제공,제공,제공,Noun
거부,거부,거부,Noun
하지,하지,하다,Verb
않습니다,않습니다,않다,Verb
.,.,.,Punctuation
2,2,2,Number
.,.,.,Punctuation
개인정보,개인정보,개인정보,Noun
3,3,3,Number
자의,자의,자의,Noun
대한,대한,대한,Noun
제공,제공,제공,Noun
공유,공유,공유,Noun
회사,회사,회사,Noun
는,는,는,Josa
1,1,1,Number
.,.,.,Punctuation
개인정보,개인정보,개인정보,Noun
수집,수집,수집,Noun
이용,이용,이용,Noun
목적,목적,목적,Noun
고지,고지,고지,Noun
한,한,한,Josa
범위,범위,범위,Noun
내,내,내,Noun
에서만,에서만,에서만,Josa
개인정보,개인정보,개인정보,Noun
이용,이용,이용,Noun
하며,하며,하다,Verb
",",",",",",Punctuation
이용자,이용자,이용자,Noun
사전,사전,사전,Noun
동의,동의,동의,Noun
없이,없이,없이,Adverb
고지,고지,고지,Noun
한,한,한,Josa
범위,범위,범위,Noun
초과,초과,초과,Noun
하여,하여,하다,Verb
회원,회원,회원,Noun
개인정보,개인정보,개인정보,Noun
이용,이용,이용,Noun
하지,하지,하다,Verb
않습니다,않습니다,않다,Verb
.,.,.,Punctuation
1,1,1,Number
제휴,제휴,제휴,Noun
관계,관계,관계,Noun
회사,회사,회사,Noun
는,는,는,Josa
기본,기본,기본,Noun
적,적,적,Suffix
회원,회원,회원,Noun
명시,명시,명시,Noun
적,적,적,Suffix
인,인,인,Josa
동의,동의,동의,Noun
없이,없이,없이,Adverb
이나,이나,이나,Josa
제휴,제휴,제휴,Noun
업체,업체,업체,Noun
개인정보,개인정보,개인정보,Noun
제공,제공,제공,Noun
하지,하지,하다,Verb
않습니다,않습니다,않다,Verb
.,.,.,Punctuation
단,단,단,Noun
",",",",",",Punctuation
이용자,이용자,이용자,Noun
서비스,서비스,서비스,Noun
이용,이용,이용,Noun
중,중,중,Noun
3,3,3,Number
제공,제공,제공,Noun
동의,동의,동의,Noun
수락,수락,수락,Noun
한,한,하다,Verb
경우,경우,경우,Noun
에는,에는,에는,Josa
예외,예외,예외,Noun
합니다,합니다,하다,Verb
.,.,.,Punctuation
아래,아래,아래,Noun
는,는,는,Josa
이용자,이용자,이용자,Noun
동의,동의,동의,Noun
후,후,후,Noun
",",",",",",Punctuation
제휴,제휴,제휴,Noun
업체,업체,업체,Noun
개인정보,개인정보,개인정보,Noun
제공,제공,제공,Noun
발생,발생,발생,Noun
하는,하는,하다,Verb
경우,경우,경우,Noun
입니다,입니다,이다,Adjective
.,.,.,Punctuation
서비스,서비스,서비스,Noun
공항,공항,공항,Noun
목,목,목,Noun
제공,제공,제공,Noun
목적,목적,목적,Noun
보유,보유,보유,Noun
이용기,이용기,이용기,Noun
간,간,간,Suffix
제공,제공,제공,Noun
업체,업체,업체,Noun
대학원,대학원,대학원,Noun
입시,입시,입시,Noun
컨설팅,컨설팅,컨설팅,Noun
입시,입시,입시,Noun
상담,상담,상담,Noun
실,실,실,Noun
상담,상담,상담,Noun
내용,내용,내용,Noun
컨설팅,컨설팅,컨설팅,Noun
프로그램,프로그램,프로그램,Noun
이름,이름,이름,Noun
",",",",",",Punctuation
이메일,이메일,이메일,Noun
",",",",",",Punctuation
전화번호,전화번호,전화번호,Noun
",",",",",",Punctuation
신청,신청,신청,Noun
내용,내용,내용,Noun
대학원,대학원,대학원,Noun
입시,입시,입시,Noun
상담,상담,상담,Noun
문의,문의,문의,Noun
",",",",",",Punctuation
대학원,대학원,대학원,Noun
입시,입시,입시,Noun
컨설팅,컨설팅,컨설팅,Noun
프로그램,프로그램,프로그램,Noun
신청,신청,신청,Noun
대한,대한,대한,Noun
답변,답변,답변,Noun
관리,관리,관리,Noun
용,용,용,Noun
문의,문의,문의,Noun
후,후,후,Noun
6,6,6,Number
개월,개월,개월,Noun
주,주,주,Noun
큐,큐,큐,Noun
링크,링크,링크,Noun
에디,에디,에디,Noun
티,티,티,Noun
지,지,지,Josa
영문,영문,영문,Noun
교정,교정,교정,Noun
번역,번역,번역,Noun
상담,상담,상담,Noun
내용,내용,내용,Noun
영문,영문,영문,Noun
교정,교정,교정,Noun
번역,번역,번역,Noun
서비스,서비스,서비스,Noun
문의,문의,문의,Noun
대한,대한,대한,Noun
답변,답변,답변,Noun
용,용,용,Noun
문의,문의,문의,Noun
후,후,후,Noun
6,6,6,Number
개월,개월,개월,Noun
주,주,주,Noun
캑터스,캑터스,캑터스,Noun
커뮤니케이션,커뮤니케이션,커뮤니케이션,Noun
즈,즈,즈,Modifier
코리아,코리아,코리아,Noun
NIW,NIW,NIW,Alpha
미국,미국,미국,Noun
취업,취업,취업,Noun
이민,이민,이민,Noun
서비스,서비스,서비스,Noun
상담,상담,상담,Noun
내용,내용,내용,Noun
1:1,1:1,1:1,Number
상담,상담,상담,Noun
내용,내용,내용,Noun
대한,대한,대한,Noun
답변,답변,답변,Noun
용,용,용,Noun
문의,문의,문의,Noun
후,후,후,Noun
6,6,6,Number
개월,개월,개월,Noun
주,주,주,Noun
렉스,렉스,렉스,Noun
카운슬러,카운슬러,카운슬러,Noun
랜딩,랜딩,랜딩,Noun
헬프,헬프,헬프,Noun
미국,미국,미국,Noun
정착,정착,정착,Noun
",",",",",",Punctuation
귀국,귀국,귀국,Noun
서비스,서비스,서비스,Noun
견적,견적,견적,Noun
신청서,신청서,신청서,Noun
내,내,내,Noun
모든,모든,모든,Noun
항목,항목,항목,Noun
정착,정착,정착,Noun
서비스,서비스,서비스,Noun
견적,견적,견적,Noun
신청,신청,신청,Noun
대한,대한,대한,Noun
답변,답변,답변,Noun
용,용,용,Noun
문의,문의,문의,Noun
후,후,후,Noun
6,6,6,Number
개월,개월,개월,Noun
Landing,Landing,Landing,Alpha
Help,Help,Help,Alpha
LLC,LLC,LLC,Alpha
2,2,2,Number
매각,매각,매각,Noun
인수합병,인수합병,인수합병,Noun
회사,회사,회사,Noun
권리,권리,권리,Noun
의무,의무,의무,Noun
완전,완전,완전,Noun
승계,승계,승계,Noun
또는,또는,또는,Adverb
이전,이전,이전,Noun
되는,되는,되다,Verb
경우,경우,경우,Noun
",",",",",",Punctuation
사전,사전,사전,Noun
정당한,정당한,정당하다,Adjective
사유,사유,사유,Noun
절차,절차,절차,Noun
대해,대해,대해,Noun
상세,상세,상세,Noun
하게,하게,하다,Verb
고지,고지,고지,Noun
하고,하고,하고,Josa
회원,회원,회원,Noun
별로,별로,별로,Noun
개인정보,개인정보,개인정보,Noun
이용,이용,이용,Noun
대한,대한,대한,Noun
동의,동의,동의,Noun
또는,또는,또는,Adverb
철회,철회,철회,Noun
선택,선택,선택,Noun
권,권,권,Suffix
부여,부여,부여,Noun
합니다,합니다,하다,Verb
.,.,.,Punctuation
3,3,3,Number
고지,고지,고지,Noun
동의,동의,동의,Noun
방법,방법,방법,Noun
고지,고지,고지,Noun
동의,동의,동의,Noun
는,는,는,Josa
회사,회사,회사,Noun
공식,공식,공식,Noun
사이트,사이트,사이트,Noun
공,공,공,Modifier
지,지,지,Modifier
사항,사항,사항,Noun
통해,통해,통해,Noun
최소,최소,최소,Noun
7일,7일,7일,Number
전부터,전부터,전부터,Foreign
고지,고지,고지,Noun
함,함,함,Noun
동시,동시,동시,Noun
이메일,이메일,이메일,Noun
이용,이용,이용,Noun
하여,하여,하다,Verb
1회,1회,1회,Number
개별,개별,개별,Noun
적,적,적,Suffix
고지,고지,고지,Noun
합니다,합니다,하다,Verb
.,.,.,Punctuation
매각,매각,매각,Noun
이나,이나,이나,Josa
인수합병,인수합병,인수합병,Noun
대해,대해,대해,Noun
서는,서는,서다,Verb
적극,적극,적극,Noun
적,적,적,Suffix
인,인,인,Josa
동의,동의,동의,Noun
방법,방법,방법,Noun
개인정보,개인정보,개인정보,Noun
이용,이용,이용,Noun
대한,대한,대한,Noun
절차,절차,절차,Noun
진행,진행,진행,Noun
합니다,합니다,하다,Verb
.,.,.,Punctuation
4,4,4,Number
경우,경우,경우,Noun
중,중,중,Noun
해당,해당,해당,Noun
할,할,하다,Verb
경우,경우,경우,Noun
에는,에는,에는,Josa
예외,예외,예외,Noun
합니다,합니다,하다,Verb
.,.,.,Punctuation
법령,법령,법령,Noun
규정,규정,규정,Noun
또는,또는,또는,Adverb
수사,수사,수사,Noun
상의,상의,상의,Noun
목적,목적,목적,Noun
법령,법령,법령,Noun
정해진,정해진,정해진,Noun
절차,절차,절차,Noun
방법,방법,방법,Noun
관계,관계,관계,Noun
기관,기관,기관,Noun
요구,요구,요구,Noun
있을,있을,있다,Adjective
경우,경우,경우,Noun
설문조사,설문조사,설문조사,Noun
",",",",",",Punctuation
학술,학술,학술,Noun
연구,연구,연구,Noun
",",",",",",Punctuation
마케팅,마케팅,마케팅,Noun
홍보,홍보,홍보,Noun
목적,목적,목적,Noun
특정,특정,특정,Noun
개인,개인,개인,Noun
식별,식별,식별,Noun
할,할,하다,Verb
수,수,수,Noun
없는,없는,없다,Adjective
형태,형태,형태,Noun
가공,가공,가공,Noun
된,된,되다,Verb
정보,정보,정보,Noun
광고주,광고주,광고주,Noun
",",",",",",Punctuation
제휴,제휴,제휴,Noun
협력,협력,협력,Noun
",",",",",",Punctuation
연구,연구,연구,Noun
단체,단체,단체,Noun
제공,제공,제공,Noun
하는,하는,하다,Verb
경우,경우,경우,Noun
회사,회사,회사,Noun
제공,제공,제공,Noun
하는,하는,하다,Verb
서비스,서비스,서비스,Noun
이용,이용,이용,Noun
하여,하여,하다,Verb
회원,회원,회원,Noun
명백한,명백한,명백하다,Adjective
피해,피해,피해,Noun
입힌,입힌,입히다,Verb
회원,회원,회원,Noun
대해,대해,대해,Noun
법적,법적,법적,Noun
조치,조치,조치,Noun
취하,취하,취하,Noun
기,기,기,Noun
위,위,위,Noun
하여,하여,하다,Verb
개인정보,개인정보,개인정보,Noun
공개,공개,공개,Noun
해야,해야,하다,Verb
한다고,한다고,하다,Verb
판단,판단,판단,Noun
되는,되는,되다,Verb
충분한,충분한,충분하다,Adjective
근거,근거,근거,Noun
있는,있는,있다,Adjective
경우,경우,경우,Noun
금융,금융,금융,Noun
실명,실명,실명,Noun
거래,거래,거래,Noun
비밀,비밀,비밀,Noun
보장,보장,보장,Noun
관,관,관,Noun
한,한,한,Josa
법률,법률,법률,Noun
",",",",",",Punctuation
신용정보,신용정보,신용정보,Noun
이용,이용,이용,Noun
보호,보호,보호,Noun
관,관,관,Noun
한,한,한,Determiner
법률,법률,법률,Noun
",",",",",",Punctuation
전기통신기본법,전기통신기본법,전기통신기본법,Noun
",",",",",",Punctuation
전기통신사업법,전기통신사업법,전기통신사업법,Noun
",",",",",",Punctuation
지방,지방,지방,Noun
세법,세법,세법,Noun
",",",",",",Punctuation
소비자보호법,소비자보호법,소비자보호법,Noun
",",",",",",Punctuation
한국은행,한국은행,한국은행,Noun
법,법,법,Noun
",",",",",",Punctuation
형사소송법,형사소송법,형사소송법,Noun
법령,법령,법령,Noun
특별한,특별한,특별하다,Adjective
규정,규정,규정,Noun
있는,있는,있다,Adjective
경우,경우,경우,Noun
관계,관계,관계,Noun
법령,법령,법령,Noun
정,정,정,Noun
한,한,한,Josa
절차,절차,절차,Noun
관계,관계,관계,Noun
기관,기관,기관,Noun
요청,요청,요청,Noun
있는,있는,있다,Adjective
경우,경우,경우,Noun
5,5,5,Number
회사,회사,회사,Noun
는,는,는,Josa
관계,관계,관계,Noun
법령,법령,법령,Noun
또는,또는,또는,Adverb
수,수,수,Modifier
기관,기관,기관,Noun
요청,요청,요청,Noun
회원,회원,회원,Noun
개인정보,개인정보,개인정보,Noun
제공,제공,제공,Noun
할,할,하다,Verb
경우,경우,경우,Noun
에도,에도,에도,Josa
당사자,당사자,당사자,Noun
고지,고지,고지,Noun
하는,하는,하다,Verb
원칙,원칙,원칙,Noun
합니다,합니다,하다,Verb
.,.,.,Punctuation
법률상,법률상,법률상,Noun
근거,근거,근거,Noun
부득이,부득이,부득이,Noun
하게,하게,하다,Verb
고지,고지,고지,Noun
하지,하지,하다,Verb
못,못,못,VerbPrefix
할,할,하다,Verb
수도,수도,수도,Noun
있습니다,있습니다,있다,Adjective
.,.,.,Punctuation
3,3,3,Number
.,.,.,Punctuation
개인정보,개인정보,개인정보,Noun
이용기,이용기,이용기,Noun
간,간,간,Suffix
보유,보유,보유,Noun
기간,기간,기간,Noun
회원,회원,회원,Noun
회사,회사,회사,Noun
제공,제공,제공,Noun
하는,하는,하다,Verb
회원,회원,회원,Noun
전용,전용,전용,Noun
서비스,서비스,서비스,Noun
이용,이용,이용,Noun
하는,하는,하다,Verb
회사,회사,회사,Noun
는,는,는,Josa
개인정보,개인정보,개인정보,Noun
계속,계속,계속,Noun
적,적,적,Suffix
보유,보유,보유,Noun
하여,하여,하다,Verb
서비스,서비스,서비스,Noun
원활한,원활한,원활하다,Adjective
제공,제공,제공,Noun
위해,위해,위해,Noun
이용,이용,이용,Noun
합니다,합니다,하다,Verb
.,.,.,Punctuation
1,1,1,Number
회사,회사,회사,Noun
는,는,는,Josa
회원,회원,회원,Noun
직접,직접,직접,Noun
개인정보,개인정보,개인정보,Noun
삭제,삭제,삭제,Noun
거나,거나,거나,Noun
수정,수정,수정,Noun
또는,또는,또는,Adverb
탈퇴,탈퇴,탈퇴,Noun
요청,요청,요청,Noun
한,한,한,Josa
경우,경우,경우,Noun
에는,에는,에는,Josa
재생,재생,재생,Noun
할,할,하다,Verb
수,수,수,Noun
없는,없는,없다,Adjective
기술,기술,기술,Noun
적,적,적,Suffix
인,인,인,Josa
방법,방법,방법,Noun
의하여,의하여,의하다,Adjective
해당,해당,해당,Noun
정보,정보,정보,Noun
디스크,디스크,디스크,Noun
완전히,완전히,완전하다,Adjective
삭제,삭제,삭제,Noun
하며,하며,하다,Verb
",",",",",",Punctuation
추후,추후,추후,Noun
열람,열람,열람,Noun
이나,이나,이나,Josa
이용,이용,이용,Noun
불가능한,불가능한,불가능하다,Adjective
상태,상태,상태,Noun
처리,처리,처리,Noun
합니다,합니다,하다,Verb
.,.,.,Punctuation
2,2,2,Number
회사,회사,회사,Noun
일시,일시,일시,Noun
적,적,적,Suffix
인,인,인,Josa
목적,목적,목적,Noun
설문조사,설문조사,설문조사,Noun
",",",",",",Punctuation
이벤트,이벤트,이벤트,Noun
",",",",",",Punctuation
본인,본인,본인,Noun
확인,확인,확인,Noun
별도,별도,별도,Noun
입력,입력,입력,Noun
받은,받은,받다,Verb
개인정보,개인정보,개인정보,Noun
는,는,는,Josa
목적,목적,목적,Noun
달성,달성,달성,Noun
된,된,되다,Verb
이후,이후,이후,Noun
전,전,전,Modifier
항,항,항,Noun
동일한,동일한,동일하다,Adjective
방법,방법,방법,Noun
처리,처리,처리,Noun
됩니다,됩니다,되다,Verb
.,.,.,Punctuation
3,3,3,Number
회원,회원,회원,Noun
개인정보,개인정보,개인정보,Noun
는,는,는,Josa
개인정보,개인정보,개인정보,Noun
수집,수집,수집,Noun
목적,목적,목적,Noun
또는,또는,또는,Adverb
제공,제공,제공,Noun
받은,받은,받다,Verb
목적,목적,목적,Noun
달성,달성,달성,Noun
되면,되면,되다,Verb
파기,파기,파기,Noun
하는,하는,하다,Verb
원칙,원칙,원칙,Noun
합니다,합니다,하다,Verb
.,.,.,Punctuation
",",",",",",Punctuation
불량,불량,불량,Noun
회원,회원,회원,Noun
은,은,은,Josa
재,재,재,Noun
가입,가입,가입,Noun
방지,방지,방지,Noun
위,위,위,Noun
하여,하여,하다,Verb
이용,이용,이용,Noun
계약,계약,계약,Noun
해지,해지,해지,Noun
일로,일로,일로,Noun
영구,영구,영구,Noun
적,적,적,Suffix
중복,중복,중복,Noun
가입,가입,가입,Noun
확인,확인,확인,Noun
정보,정보,정보,Noun
보관,보관,보관,Noun
합니다,합니다,하다,Verb
.,.,.,Punctuation
4,4,4,Number
상법,상법,상법,Noun
",",",",",",Punctuation
전자상거래,전자상거래,전자상거래,Noun
에서의,에서의,에서의,Josa
소비자보호,소비자보호,소비자보호,Noun
관,관,관,Noun
한,한,한,Determiner
법률,법률,법률,Noun
같은,같은,같다,Adjective
관계,관계,관계,Noun
법령,법령,법령,Noun
규정,규정,규정,Noun
의하여,의하여,의하다,Adjective
보존,보존,보존,Noun
할,할,하다,Verb
경우,경우,경우,Noun
",",",",",",Punctuation
회사,회사,회사,Noun
에서는,에서는,에서는,Josa
관계,관계,관계,Noun
법령,법령,법령,Noun
정,정,정,Noun
한,한,한,Josa
기간,기간,기간,Noun
개인정보,개인정보,개인정보,Noun
보관,보관,보관,Noun
합니다,합니다,하다,Verb
.,.,.,Punctuation
경우,경우,경우,Noun
회사,회사,회사,Noun
보관,보관,보관,Noun
하는,하는,하다,Verb
개인정보,개인정보,개인정보,Noun
는,는,는,Josa
고유,고유,고유,Noun
목적,목적,목적,Noun
으로만,으로만,으로만,Josa
이용,이용,이용,Noun
하며,하며,하다,Verb
보존,보존,보존,Noun
기간,기간,기간,Noun
은,은,은,Josa
아래,아래,아래,Noun
같습니다,같습니다,같다,Adjective
.,.,.,Punctuation
법령,법령,법령,Noun
수집,수집,수집,Noun
목적,목적,목적,Noun
보유,보유,보유,Noun
기간,기간,기간,Noun
전자상거래,전자상거래,전자상거래,Noun
에서의,에서의,에서의,Josa
소비자보호,소비자보호,소비자보호,Noun
관,관,관,Noun
한,한,한,Josa
법률,법률,법률,Noun
계약,계약,계약,Noun
또는,또는,또는,Adverb
청약,청약,청약,Noun
철회,철회,철회,Noun
관,관,관,Noun
한,한,한,Josa
기록,기록,기록,Noun
5년,5년,5년,Number
대금,대금,대금,Noun
결제,결제,결제,Noun
재화,재화,재화,Noun
공급,공급,공급,Noun
관,관,관,Noun
한,한,한,Josa
기록,기록,기록,Noun
5년,5년,5년,Number
소비자,소비자,소비자,Noun
불만,불만,불만,Noun
또는,또는,또는,Adverb
분쟁,분쟁,분쟁,Noun
처리,처리,처리,Noun
관,관,관,Noun
한,한,한,Josa
기록,기록,기록,Noun
3년,3년,3년,Number
표시,표시,표시,Noun
광고,광고,광고,Noun
관,관,관,Noun
한,한,한,Josa
기록,기록,기록,Noun
6,6,6,Number
개월,개월,개월,Noun
통신비밀보호법,통신비밀보호법,통신비밀보호법,Noun
웹사이트,웹사이트,웹사이트,Noun
방문,방문,방문,Noun
기록,기록,기록,Noun
로그인,로그인,로그인,Noun
접속,접속,접속,Noun
기록,기록,기록,Noun
3,3,3,Number
개월,개월,개월,Noun
금융,금융,금융,Noun
거래,거래,거래,Noun
법,법,법,Noun
금융,금융,금융,Noun
거래,거래,거래,Noun
관,관,관,Noun
한,한,한,Josa
기록,기록,기록,Noun
5년,5년,5년,Number
부가가치,부가가치,부가가치,Noun
세법,세법,세법,Noun
세법,세법,세법,Noun
규정,규정,규정,Noun
하는,하는,하다,Verb
거래,거래,거래,Noun
관,관,관,Noun
한,한,한,Josa
장부,장부,장부,Noun
증빙,증빙,증빙,Noun
서류,서류,서류,Noun
5년,5년,5년,Number
회사,회사,회사,Noun
내부,내부,내부,Noun
방침,방침,방침,Noun
부정,부정,부정,Noun
이용,이용,이용,Noun
관,관,관,Noun
한,한,한,Josa
기록,기록,기록,Noun
5년,5년,5년,Number
4,4,4,Number
.,.,.,Punctuation
개인정보,개인정보,개인정보,Noun
열람,열람,열람,Noun
정정,정정,정정,Noun
회원,회원,회원,Noun
은,은,은,Josa
회사,회사,회사,Noun
공식,공식,공식,Noun
사이트,사이트,사이트,Noun
통,통,통,Noun
하여,하여,하다,Verb
든지,든지,든지,Josa
개인정보,개인정보,개인정보,Noun
열람,열람,열람,Noun
거나,거나,거나,Noun
정정,정정,정정,Noun
할,할,하다,Verb
수,수,수,Noun
있습니다,있습니다,있다,Adjective
.,.,.,Punctuation
1,1,1,Number
회원,회원,회원,Noun
개인정보,개인정보,개인정보,Noun
열람,열람,열람,Noun
",",",",",",Punctuation
수정,수정,수정,Noun
삭제,삭제,삭제,Noun
희망,희망,희망,Noun
할,할,하다,Verb
경우,경우,경우,Noun
",",",",",",Punctuation
회사,회사,회사,Noun
공식,공식,공식,Noun
사이트,사이트,사이트,Noun
로그인,로그인,로그인,Noun
하여,하여,하다,Verb
",",",",",",Punctuation
마이,마이,마이,Noun
메뉴,메뉴,메뉴,Noun
”,”,”,Foreign
개인정보,개인정보,개인정보,Noun
관리,관리,관리,Noun
”,”,”,Foreign
메뉴,메뉴,메뉴,Noun
직접,직접,직접,Noun
처리,처리,처리,Noun
할,할,하다,Verb
수,수,수,Noun
있습니다,있습니다,있다,Adjective
.,.,.,Punctuation
개인정보,개인정보,개인정보,Noun
중,중,중,Noun
이름,이름,이름,Noun
",",",",",",Punctuation
아이디,아이디,아이디,Noun
제외,제외,제외,Noun
하고,하고,하고,Josa
",",",",",",Punctuation
닉네임,닉네임,닉네임,Noun
포함,포함,포함,Noun
한,한,한,Josa
모든,모든,모든,Noun
사항,사항,사항,Noun
수정,수정,수정,Noun
할,할,하다,Verb
수,수,수,Noun
있습니다,있습니다,있다,Adjective
.,.,.,Punctuation
삭제대상,삭제대상,삭제대상,Noun
의견,의견,의견,Noun
등록,등록,등록,Noun
하는,하는,하다,Verb
회원,회원,회원,Noun
은,은,은,Josa
관리자,관리자,관리자,Noun
직권,직권,직권,Noun
닉네임,닉네임,닉네임,Noun
변경,변경,변경,Noun
제한,제한,제한,Noun
할,할,하다,Verb
수,수,수,Noun
있습니다,있습니다,있다,Adjective
.,.,.,Punctuation
회원,회원,회원,Noun
은,은,은,Josa
개인정보,개인정보,개인정보,Noun
변동,변동,변동,Noun
사항,사항,사항,Noun
수정,수정,수정,Noun
하여,하여,하다,Verb
최신,최신,최신,Noun
정보,정보,정보,Noun
유지,유지,유지,Noun
할,할,하다,Verb
의무,의무,의무,Noun
있으며,있으며,있다,Adjective
",",",",",",Punctuation
부,부,부,Noun
정확한,정확한,정확하다,Adjective
정보,정보,정보,Noun
인해,인해,인하다,Adjective
발생,발생,발생,Noun
한,한,한,Josa
모든,모든,모든,Noun
피해,피해,피해,Noun
는,는,는,Josa
전적,전적,전적,Noun
회원,회원,회원,Noun
본인,본인,본인,Noun
있습니다,있습니다,있다,Adjective
.,.,.,Punctuation
2,2,2,Number
회원,회원,회원,Noun
비밀번호,비밀번호,비밀번호,Noun
분,분,분,Noun
실시,실시,실시,Noun
",",",",",",Punctuation
회사,회사,회사,Noun
공식,공식,공식,Noun
사이트,사이트,사이트,Noun
로그인,로그인,로그인,Noun
메뉴,메뉴,메뉴,Noun
있는,있는,있다,Adjective
비밀번호,비밀번호,비밀번호,Noun
찾기,찾기,찾기,Noun
”,”,”,Foreign
메뉴,메뉴,메뉴,Noun
통,통,통,Noun
하여,하여,하다,Verb
본인,본인,본인,Noun
확인,확인,확인,Noun
필요한,필요한,필요하다,Adjective
사항,사항,사항,Noun
입력,입력,입력,Noun
하시면,하시면,하다,Verb
",",",",",",Punctuation
본인,본인,본인,Noun
확인,확인,확인,Noun
후,후,후,Noun
비밀번호,비밀번호,비밀번호,Noun
직접,직접,직접,Noun
재,재,재,Noun
설정,설정,설정,Noun
할,할,하다,Verb
수,수,수,Noun
있습니다,있습니다,있다,Adjective
.,.,.,Punctuation
온라인,온라인,온라인,Noun
상,상,상,Suffix
아이디,아이디,아이디,Noun
또는,또는,또는,Adverb
비밀번호,비밀번호,비밀번호,Noun
분실,분실,분실,Noun
관,관,관,Noun
한,한,한,Josa
문제,문제,문제,Noun
해결,해결,해결,Noun
어려울,어려울,어리다,Verb
경우,경우,경우,Noun
",",",",",",Punctuation
개인정보,개인정보,개인정보,Noun
관리,관리,관리,Noun
책임자,책임자,책임자,Noun
전화,전화,전화,Noun
또는,또는,또는,Adverb
고객,고객,고객,Noun
센터,센터,센터,Noun
1:1,1:1,1:1,Number
문의,문의,문의,Noun
게시판,게시판,게시판,Noun
통해,통해,통해,Noun
문의,문의,문의,Noun
하시면,하시면,하다,Verb
확인,확인,확인,Noun
절차,절차,절차,Noun
거친,거친,거치다,Verb
후,후,후,Noun
처리,처리,처리,Noun
합니다,합니다,하다,Verb
.,.,.,Punctuation
5,5,5,Number
.,.,.,Punctuation
개인정보,개인정보,개인정보,Noun
수집,수집,수집,Noun
",",",",",",Punctuation
이용,이용,이용,Noun
",",",",",",Punctuation
제공,제공,제공,Noun
대한,대한,대한,Noun
동의,동의,동의,Noun
철회,철회,철회,Noun
회원,회원,회원,Noun
은,은,은,Josa
개인정보,개인정보,개인정보,Noun
수집,수집,수집,Noun
",",",",",",Punctuation
이용,이용,이용,Noun
",",",",",",Punctuation
제공,제공,제공,Noun
대해,대해,대해,Noun
동의,동의,동의,Noun
하신,하신,하다,Verb
내용,내용,내용,Noun
은,은,은,Josa
든지,든지,든지,Josa
철회,철회,철회,Noun
할,할,하다,Verb
수,수,수,Noun
있습니다,있습니다,있다,Adjective
.,.,.,Punctuation
1,1,1,Number
회원,회원,회원,Noun
탈퇴,탈퇴,탈퇴,Noun
는,는,는,Josa
로그인,로그인,로그인,Noun
후,후,후,Noun
개인정보,개인정보,개인정보,Noun
관리,관리,관리,Noun
”,”,”,Foreign
메뉴,메뉴,메뉴,Noun
회원,회원,회원,Noun
탈퇴,탈퇴,탈퇴,Noun
”,”,”,Foreign
선택,선택,선택,Noun
하신,하신,하다,Verb
후,후,후,Noun
",",",",",",Punctuation
안내,안내,안내,Noun
사항,사항,사항,Noun
본인,본인,본인,Noun
확인,확인,확인,Noun
필요한,필요한,필요하다,Adjective
사항,사항,사항,Noun
입력,입력,입력,Noun
하고,하고,하고,Josa
확인,확인,확인,Noun
”,”,”,Foreign
버튼,버튼,버튼,Noun
클릭,클릭,클릭,Noun
하면,하면,하다,Verb
회사,회사,회사,Noun
는,는,는,Josa
본인,본인,본인,Noun
확인,확인,확인,Noun
후,후,후,Noun
탈퇴,탈퇴,탈퇴,Noun
처리,처리,처리,Noun
합니다,합니다,하다,Verb
.,.,.,Punctuation
온라인,온라인,온라인,Noun
상,상,상,Suffix
회원,회원,회원,Noun
탈퇴,탈퇴,탈퇴,Noun
관,관,관,Noun
한,한,한,Josa
문제,문제,문제,Noun
해결,해결,해결,Noun
어려울,어려울,어리다,Verb
경우,경우,경우,Noun
",",",",",",Punctuation
개인정보,개인정보,개인정보,Noun
관리,관리,관리,Noun
책임자,책임자,책임자,Noun
전화,전화,전화,Noun
또는,또는,또는,Adverb
이메일,이메일,이메일,Noun
연락,연락,연락,Noun
하시면,하시면,하다,Verb
본인,본인,본인,Noun
확인,확인,확인,Noun
절차,절차,절차,Noun
거친,거친,거치다,Verb
후,후,후,Noun
조치,조치,조치,Noun
합니다,합니다,하다,Verb
.,.,.,Punctuation
2,2,2,Number
회사,회사,회사,Noun
는,는,는,Josa
회원,회원,회원,Noun
탈퇴,탈퇴,탈퇴,Noun
시,시,시,Noun
개인정보,개인정보,개인정보,Noun
재생,재생,재생,Noun
할,할,하다,Verb
수,수,수,Noun
없는,없는,없다,Adjective
형태,형태,형태,Noun
완전히,완전히,완전하다,Adjective
파기,파기,파기,Noun
합니다,합니다,하다,Verb
.,.,.,Punctuation
단,단,단,Noun
",",",",",",Punctuation
불량,불량,불량,Noun
회원,회원,회원,Noun
재,재,재,Noun
가입,가입,가입,Noun
방지,방지,방지,Noun
위,위,위,Noun
하여,하여,하다,Verb
",",",",",",Punctuation
중복,중복,중복,Noun
가입,가입,가입,Noun
확인,확인,확인,Noun
정보,정보,정보,Noun
보존,보존,보존,Noun
합니다,합니다,하다,Verb
.,.,.,Punctuation
3,3,3,Number
회사,회사,회사,Noun
는,는,는,Josa
주민등록,주민등록,주민등록,Noun
법,법,법,Noun
37조,37조,37조,Number
벌칙,벌칙,벌칙,Noun
명의,명의,명의,Noun
도용,도용,도용,Noun
한,한,한,Josa
회원,회원,회원,Noun
가입,가입,가입,Noun
허용,허용,허용,Noun
하지,하지,하다,Verb
않습니다,않습니다,않다,Verb
.,.,.,Punctuation
",",",",",",Punctuation
부정,부정,부정,Noun
회원,회원,회원,Noun
가입,가입,가입,Noun
사전,사전,사전,Noun
예방,예방,예방,Noun
하기,하기,하다,Verb
위,위,위,Noun
하여,하여,하다,Verb
회원,회원,회원,Noun
입시,입시,입시,Noun
본인,본인,본인,Noun
인증,인증,인증,Noun
실시,실시,실시,Noun
합니다,합니다,하다,Verb
.,.,.,Punctuation
4,4,4,Number
회사,회사,회사,Noun
는,는,는,Josa
회원,회원,회원,Noun
명의,명의,명의,Noun
도용,도용,도용,Noun
하여,하여,하다,Verb
가입,가입,가입,Noun
한,한,한,Josa
사실,사실,사실,Noun
인지,인지,인지,Noun
한,한,한,Josa
경우,경우,경우,Noun
해당,해당,해당,Noun
회원,회원,회원,Noun
아이디,아이디,아이디,Noun
대한,대한,대한,Noun
서비스,서비스,서비스,Noun
이용,이용,이용,Noun
정지,정지,정지,Noun
강제,강제,강제,Noun
탈퇴,탈퇴,탈퇴,Noun
필요한,필요한,필요하다,Adjective
조치,조치,조치,Noun
취할,취할,취할,Noun
수,수,수,Noun
있습니다,있습니다,있다,Adjective
.,.,.,Punctuation
6,6,6,Number
.,.,.,Punctuation
개인정보,개인정보,개인정보,Noun
파기,파기,파기,Noun
절차,절차,절차,Noun
방법,방법,방법,Noun
회사,회사,회사,Noun
는,는,는,Josa
회원,회원,회원,Noun
개인정보,개인정보,개인정보,Noun
안전하게,안전하게,안전하다,Adjective
처리,처리,처리,Noun
하며,하며,하다,Verb
",",",",",",Punctuation
유출,유출,유출,Noun
방지,방지,방지,Noun
위,위,위,Noun
하여,하여,하다,Verb
같은,같은,같다,Adjective
방법,방법,방법,Noun
통,통,통,Noun
하여,하여,하다,Verb
개인정보,개인정보,개인정보,Noun
파기,파기,파기,Noun
합니다,합니다,하다,Verb
.,.,.,Punctuation
단,단,단,Noun
",",",",",",Punctuation
유료,유료,유료,Noun
서비스,서비스,서비스,Noun
대한,대한,대한,Noun
이용,이용,이용,Noun
요금,요금,요금,Noun
정산,정산,정산,Noun
",",",",",",Punctuation
연체,연체,연체,Noun
금,금,금,Noun
회수,회수,회수,Noun
",",",",",",Punctuation
소송,소송,소송,Noun
이나,이나,이나,Josa
분쟁,분쟁,분쟁,Noun
우려,우려,우려,Noun
있는,있는,있다,Adjective
경우,경우,경우,Noun
",",",",",",Punctuation
필요한,필요한,필요하다,Adjective
경우,경우,경우,Noun
에는,에는,에는,Josa
원인,원인,원인,Noun
소멸,소멸,소멸,Noun
될,될,되다,Verb
보유,보유,보유,Noun
이용,이용,이용,Noun
합니다,합니다,하다,Verb
.,.,.,Punctuation
1,1,1,Number
파기,파기,파기,Noun
절차,절차,절차,Noun
개인정보,개인정보,개인정보,Noun
는,는,는,Josa
수집,수집,수집,Noun
이용,이용,이용,Noun
목적,목적,목적,Noun
달성,달성,달성,Noun
되면,되면,되다,Verb
지체,지체,지체,Noun
없이,없이,없이,Adverb
파기,파기,파기,Noun
됩니다,됩니다,되다,Verb
.,.,.,Punctuation
시스템,시스템,시스템,Noun
원활한,원활한,원활하다,Adjective
유지,유지,유지,Noun
위해,위해,위해,Noun
백업,백업,백업,Noun
되는,되는,되다,Verb
데이터,데이터,데이터,Noun
는,는,는,Josa
백업,백업,백업,Noun
후,후,후,Noun
1,1,1,Number
달마,달마,달마,Noun
다,다,다,Josa
일괄,일괄,일괄,Noun
삭제,삭제,삭제,Noun
됩니다,됩니다,되다,Verb
.,.,.,Punctuation
2,2,2,Number
파기,파기,파기,Noun
방법,방법,방법,Noun
종이,종이,종이,Noun
출력,출력,출력,Noun
된,된,되다,Verb
개인정보,개인정보,개인정보,Noun
는,는,는,Josa
분쇄기,분쇄기,분쇄기,Noun
분쇄,분쇄,분쇄,Noun
하여,하여,하다,Verb
파기,파기,파기,Noun
합니다,합니다,하다,Verb
.,.,.,Punctuation
적,적,적,Suffix
인,인,인,Josa
파일,파일,파일,Noun
형태,형태,형태,Noun
저장,저장,저장,Noun
된,된,되다,Verb
개인정보,개인정보,개인정보,Noun
는,는,는,Josa
기록,기록,기록,Noun
재생,재생,재생,Noun
할,할,하다,Verb
수,수,수,Noun
없는,없는,없다,Adjective
기술,기술,기술,Noun
적,적,적,Suffix
인,인,인,Josa
방법,방법,방법,Noun
사용,사용,사용,Noun
하여,하여,하다,Verb
삭제,삭제,삭제,Noun
합니다,합니다,하다,Verb
.,.,.,Punctuation
7,7,7,Number
.,.,.,Punctuation
개인정보,개인정보,개인정보,Noun
자동,자동,자동,Noun
수집,수집,수집,Noun
거부,거부,거부,Noun
관,관,관,Noun
한,한,한,Josa
사항,사항,사항,Noun
1,1,1,Number
쿠키,쿠키,쿠키,Noun
란,란,란,Noun
쿠키,쿠키,쿠키,Noun
는,는,는,Josa
이용자,이용자,이용자,Noun
웹사이트,웹사이트,웹사이트,Noun
방문,방문,방문,Noun
할,할,하다,Verb
웹사이트,웹사이트,웹사이트,Noun
운영,운영,운영,Noun
되는,되는,되다,Verb
서버,서버,서버,Noun
이용자,이용자,이용자,Noun
웹,웹,웹,Noun
브라우저,브라우저,브라우저,Noun
통해,통해,통해,Noun
보내는,보내는,보내다,Verb
작은,작은,작다,Adjective
기록,기록,기록,Noun
정보,정보,정보,Noun
파일,파일,파일,Noun
이용자,이용자,이용자,Noun
컴퓨터,컴퓨터,컴퓨터,Noun
기기,기기,기기,Noun
저장,저장,저장,Noun
되고,되고,되다,Verb
이용,이용,이용,Noun
됩니다,됩니다,되다,Verb
.,.,.,Punctuation
2,2,2,Number
쿠키,쿠키,쿠키,Noun
사용,사용,사용,Noun
목적,목적,목적,Noun
회사,회사,회사,Noun
는,는,는,Josa
쿠키,쿠키,쿠키,Noun
통해,통해,통해,Noun
회원,회원,회원,Noun
식별,식별,식별,Noun
하여,하여,하다,Verb
로그인,로그인,로그인,Noun
상태,상태,상태,Noun
인식,인식,인식,Noun
하고,하고,하고,Josa
",",",",",",Punctuation
로그인,로그인,로그인,Noun
상태,상태,상태,Noun
유지,유지,유지,Noun
할,할,하다,Verb
수,수,수,Noun
있습니다,있습니다,있다,Adjective
.,.,.,Punctuation
회사,회사,회사,Noun
는,는,는,Josa
쿠키,쿠키,쿠키,Noun
사용,사용,사용,Noun
필요,필요,필요,Noun
하는,하는,하다,Verb
특정한,특정한,특정하다,Adjective
서비스,서비스,서비스,Noun
제공,제공,제공,Noun
할,할,하다,Verb
수,수,수,Noun
있습니다,있습니다,있다,Adjective
.,.,.,Punctuation
3,3,3,Number
쿠키,쿠키,쿠키,Noun
설치,설치,설치,Noun
",",",",",",Punctuation
운영,운영,운영,Noun
거부,거부,거부,Noun
이용자,이용자,이용자,Noun
는,는,는,Josa
쿠키,쿠키,쿠키,Noun
사용,사용,사용,Noun
대한,대한,대한,Noun
선택,선택,선택,Noun
권,권,권,Suffix
가집니다,가집니다,가지다,Verb
.,.,.,Punctuation
웹브라우저,웹브라우저,웹브라우저,Noun
옵션,옵션,옵션,Noun
설정,설정,설정,Noun
함,함,함,Noun
모든,모든,모든,Noun
쿠키,쿠키,쿠키,Noun
허용,허용,허용,Noun
거나,거나,거나,Noun
",",",",",",Punctuation
쿠키,쿠키,쿠키,Noun
저장,저장,저장,Noun
될,될,되다,Verb
마다,마다,마다,Josa
확인,확인,확인,Noun
거치거나,거치거나,거치다,Verb
",",",",",",Punctuation
모든,모든,모든,Noun
쿠키,쿠키,쿠키,Noun
저장,저장,저장,Noun
거부,거부,거부,Noun
할,할,하다,Verb
수도,수도,수도,Noun
있습니다,있습니다,있다,Adjective
.,.,.,Punctuation
브라우저,브라우저,브라우저,Noun
종류,종류,종류,Noun
쿠키,쿠키,쿠키,Noun
설치,설치,설치,Noun
허용,허용,허용,Noun
설정,설정,설정,Noun
하는,하는,하다,Verb
방법,방법,방법,Noun
은,은,은,Josa
같습니다,같습니다,같다,Adjective
.,.,.,Punctuation
브라우저,브라우저,브라우저,Noun
종류,종류,종류,Noun
쿠키,쿠키,쿠키,Noun
설정,설정,설정,Noun
방법,방법,방법,Noun
인터넷,인터넷,인터넷,Noun
익스플로러,익스플로러,익스플로러,Noun
Internet,Internet,Internet,Alpha
Explorer,Explorer,Explorer,Alpha
웹브라우저,웹브라우저,웹브라우저,Noun
상단,상단,상단,Noun
도구,도구,도구,Noun
메뉴,메뉴,메뉴,Noun
인터넷,인터넷,인터넷,Noun
옵션,옵션,옵션,Noun
개인정보,개인정보,개인정보,Noun
개인,개인,개인,Noun
정보처리,정보처리,정보처리,Noun
수준,수준,수준,Noun
설정,설정,설정,Noun
크롬,크롬,크롬,Noun
Chrome,Chrome,Chrome,Alpha
웹,웹,웹,Noun
브라우저,브라우저,브라우저,Noun
우측,우측,우측,Noun
설정,설정,설정,Noun
메뉴,메뉴,메뉴,Noun
도구,도구,도구,Noun
인터넷,인터넷,인터넷,Noun
사용,사용,사용,Noun
기록,기록,기록,Noun
삭제,삭제,삭제,Noun
8,8,8,Number
.,.,.,Punctuation
개인,개인,개인,Noun
정보보호,정보보호,정보보호,Noun
위,위,위,Noun
한,한,한,Josa
기술,기술,기술,Noun
관리,관리,관리,Noun
대책,대책,대책,Noun
회사,회사,회사,Noun
는,는,는,Josa
회원,회원,회원,Noun
개인정보,개인정보,개인정보,Noun
분실,분실,분실,Noun
",",",",",",Punctuation
도난,도난,도난,Noun
",",",",",",Punctuation
누,누,누,Noun
출,출,추다,Verb
",",",",",",Punctuation
변조,변조,변조,Noun
또는,또는,또는,Adverb
훼손,훼손,훼손,Noun
되지,되지,되다,Verb
않도록,않도록,않다,Verb
같은,같은,같다,Adjective
기술,기술,기술,Noun
적,적,적,Suffix
",",",",",",Punctuation
관리,관리,관리,Noun
적,적,적,Suffix
보호,보호,보호,Noun
조치,조치,조치,Noun
적정하게,적정하게,적정하다,Adjective
취하,취하,취하,Noun
고,고,고,Josa
있습니다,있습니다,있다,Adjective
.,.,.,Punctuation
1,1,1,Number
개인정보,개인정보,개인정보,Noun
아이디,아이디,아이디,Noun
비밀번호,비밀번호,비밀번호,Noun
관리,관리,관리,Noun
회원,회원,회원,Noun
개인정보,개인정보,개인정보,Noun
는,는,는,Josa
아이디,아이디,아이디,Noun
비밀번호,비밀번호,비밀번호,Noun
의해서만,의해서만,의하다,Adjective
접근,접근,접근,Noun
가능합니다,가능합니다,가능하다,Adjective
.,.,.,Punctuation
회원,회원,회원,Noun
은,은,은,Josa
본인,본인,본인,Noun
개인정보,개인정보,개인정보,Noun
보호,보호,보호,Noun
위,위,위,Noun
하여,하여,하다,Verb
회원,회원,회원,Noun
아이디,아이디,아이디,Noun
비밀번호,비밀번호,비밀번호,Noun
철저하게,철저하게,철저하다,Adjective
관리,관리,관리,Noun
할,할,하다,Verb
책임,책임,책임,Noun
있으며,있으며,있다,Adjective
",",",",",",Punctuation
주,주,주,Modifier
기적,기적,기적,Noun
비밀번호,비밀번호,비밀번호,Noun
변경,변경,변경,Noun
할,할,하다,Verb
권장,권장,권장,Noun
합니다,합니다,하다,Verb
.,.,.,Punctuation
특히,특히,특히,Adverb
",",",",",",Punctuation
공공장소,공공장소,공공장소,Noun
회사,회사,회사,Noun
",",",",",",Punctuation
학교,학교,학교,Noun
",",",",",",Punctuation
도서관,도서관,도서관,Noun
",",",",",",Punctuation
게임방,게임방,게임방,Noun
이용,이용,이용,Noun
할,할,하다,Verb
경우,경우,경우,Noun
에는,에는,에는,Josa
회원,회원,회원,Noun
아이디,아이디,아이디,Noun
비밀번호,비밀번호,비밀번호,Noun
안전한,안전한,안전하다,Adjective
관리,관리,관리,Noun
위,위,위,Noun
하여,하여,하다,Verb
로그아웃,로그아웃,로그아웃,Noun
하시고,하시고,하다,Verb
사용,사용,사용,Noun
중,중,중,Suffix
인,인,인,Josa
웹브라우저,웹브라우저,웹브라우저,Noun
종료,종료,종료,Noun
하는,하는,하다,Verb
방법,방법,방법,Noun
권장,권장,권장,Noun
합니다,합니다,하다,Verb
.,.,.,Punctuation
회사,회사,회사,Noun
는,는,는,Josa
회원,회원,회원,Noun
본인,본인,본인,Noun
관리,관리,관리,Noun
소홀,소홀,소홀,Noun
인해,인해,인하다,Adjective
회원,회원,회원,Noun
아이디,아이디,아이디,Noun
",",",",",",Punctuation
비밀번호,비밀번호,비밀번호,Noun
개인정보,개인정보,개인정보,Noun
유출,유출,유출,Noun
되어,되어,되어다,Verb
발생,발생,발생,Noun
한,한,한,Josa
문제,문제,문제,Noun
대해,대해,대해,Noun
일체,일체,일체,Noun
책임,책임,책임,Noun
지지,지지,지지,Noun
않습니다,않습니다,않다,Verb
.,.,.,Punctuation
개인,개인,개인,Noun
실수,실수,실수,Noun
기본,기본,기본,Noun
적,적,적,Suffix
인,인,인,Josa
인터넷,인터넷,인터넷,Noun
위험성,위험성,위험성,Noun
때문,때문,때문,Noun
발생,발생,발생,Noun
하는,하는,하다,Verb
문제,문제,문제,Noun
대해,대해,대해,Noun
서도,서도,서도,Noun
책임,책임,책임,Noun
지지,지지,지지,Noun
않습니다,않습니다,않다,Verb
.,.,.,Punctuation
2,2,2,Number
기술,기술,기술,Noun
적,적,적,Suffix
보호,보호,보호,Noun
조치,조치,조치,Noun
회사,회사,회사,Noun
는,는,는,Josa
SSL,SSL,SSL,Alpha
암호,암호,암호,Noun
화,화,화,Suffix
알고리즘,알고리즘,알고리즘,Noun
이용,이용,이용,Noun
하여,하여,하다,Verb
네트워크,네트워크,네트워크,Noun
상,상,상,Suffix
회원,회원,회원,Noun
개인정보,개인정보,개인정보,Noun
안전하게,안전하게,안전하다,Adjective
전송,전송,전송,Noun
할,할,하다,Verb
수,수,수,Noun
있는,있는,있다,Adjective
방식,방식,방식,Noun
채택,채택,채택,Noun
하고,하고,하고,Josa
있습니다,있습니다,있다,Adjective
.,.,.,Punctuation
회사,회사,회사,Noun
는,는,는,Josa
비,비,비,Noun
인가,인가,인가,Josa
자의,자의,자의,Noun
데이터베이스,데이터베이스,데이터베이스,Noun
대한,대한,대한,Noun
접근,접근,접근,Noun
권한,권한,권한,Noun
엄격하게,엄격하게,엄격하다,Adjective
관리,관리,관리,Noun
하고,하고,하고,Josa
있습니다,있습니다,있다,Adjective
.,.,.,Punctuation
비밀번호,비밀번호,비밀번호,Noun
같은,같은,같다,Adjective
중요한,중요한,중요하다,Adjective
정보,정보,정보,Noun
는,는,는,Josa
관리자,관리자,관리자,Noun
도,도,도,Josa
임의,임의,임의,Noun
열람,열람,열람,Noun
할,할,하다,Verb
수,수,수,Noun
없도록,없도록,없다,Adjective
암호,암호,암호,Noun
화하여,화하여,화하다,Adjective
관리,관리,관리,Noun
하고,하고,하고,Josa
있습니다,있습니다,있다,Adjective
.,.,.,Punctuation
회사,회사,회사,Noun
는,는,는,Josa
해킹,해킹,해킹,Noun
이나,이나,이나,Josa
컴퓨터,컴퓨터,컴퓨터,Noun
바이러스,바이러스,바이러스,Noun
회원,회원,회원,Noun
개인정보,개인정보,개인정보,Noun
유출,유출,유출,Noun
되거나,되거나,되다,Verb
훼손,훼손,훼손,Noun
되는,되는,되다,Verb
경우,경우,경우,Noun
방지,방지,방지,Noun
하기,하기,하다,Verb
위,위,위,Noun
하여,하여,하다,Verb
",",",",",",Punctuation
주,주,주,Modifier
기적,기적,기적,Noun
인,인,인,Josa
백업,백업,백업,Noun
",",",",",",Punctuation
최신,최신,최신,Noun
백,백,백,Modifier
신,신,신,Modifier
프로그램,프로그램,프로그램,Noun
이용,이용,이용,Noun
한,한,한,Josa
바이러스,바이러스,바이러스,Noun
감염,감염,감염,Noun
예방,예방,예방,Noun
",",",",",",Punctuation
웹,웹,웹,Noun
방화벽,방화벽,방화벽,Noun
시스템,시스템,시스템,Noun
운영,운영,운영,Noun
같은,같은,같다,Adjective
다양한,다양한,다양하다,Adjective
방법,방법,방법,Noun
통,통,통,Noun
하여,하여,하다,Verb
개인정보,개인정보,개인정보,Noun
보호,보호,보호,Noun
위해,위해,위해,Noun
최선,최선,최선,Noun
노력,노력,노력,Noun
다,다,다,Noun
하고,하고,하고,Josa
있습니다,있습니다,있다,Adjective
.,.,.,Punctuation
3,3,3,Number
관리,관리,관리,Noun
적,적,적,Suffix
보호,보호,보호,Noun
조치,조치,조치,Noun
회사,회사,회사,Noun
는,는,는,Josa
개인정보,개인정보,개인정보,Noun
취급,취급,취급,Noun
하는,하는,하다,Verb
직원,직원,직원,Noun
대상,대상,대상,Noun
새로운,새로운,새롭다,Adjective
보안,보안,보안,Noun
기술,기술,기술,Noun
습득,습득,습득,Noun
개인,개인,개인,Noun
정보보호,정보보호,정보보호,Noun
의무,의무,의무,Noun
관,관,관,Noun
한,한,한,Josa
교육,교육,교육,Noun
주,주,주,Modifier
기적,기적,기적,Noun
실시,실시,실시,Noun
하고,하고,하고,Josa
있습니다,있습니다,있다,Adjective
.,.,.,Punctuation
고의,고의,고의,Noun
또는,또는,또는,Adverb
실수,실수,실수,Noun
인한,인한,인하다,Adjective
개인정보,개인정보,개인정보,Noun
유출,유출,유출,Noun
방지,방지,방지,Noun
하기,하기,하다,Verb
위,위,위,Noun
한,한,한,Josa
최선,최선,최선,Noun
노력,노력,노력,Noun
다,다,다,Noun
하고,하고,하고,Josa
있습니다,있습니다,있다,Adjective
.,.,.,Punctuation
회사,회사,회사,Noun
는,는,는,Josa
내부,내부,내부,Noun
관리자,관리자,관리자,Noun
실수,실수,실수,Noun
인해,인해,인하다,Adjective
개인정보,개인정보,개인정보,Noun
상실,상실,상실,Noun
",",",",",",Punctuation
유출,유출,유출,Noun
",",",",",",Punctuation
변조,변조,변조,Noun
",",",",",",Punctuation
훼손,훼손,훼손,Noun
사고,사고,사고,Noun
발생,발생,발생,Noun
할,할,하다,Verb
경우,경우,경우,Noun
사실,사실,사실,Noun
공지,공지,공지,Noun
하고,하고,하고,Josa
적절한,적절한,적절하다,Adjective
대책,대책,대책,Noun
보상,보상,보상,Noun
강구,강구,강구,Noun
할,할,하다,Verb
입니다,입니다,이다,Adjective
.,.,.,Punctuation
9,9,9,Number
.,.,.,Punctuation
링크,링크,링크,Noun
사이트,사이트,사이트,Noun
1,1,1,Number
회사,회사,회사,Noun
공식,공식,공식,Noun
사이트,사이트,사이트,Noun
모바일,모바일,모바일,Noun
앱,앱,앱,Noun
은,은,은,Josa
다양한,다양한,다양하다,Adjective
배너,배너,배너,Noun
링크,링크,링크,Noun
포함,포함,포함,Noun
하고,하고,하고,Josa
있습니다,있습니다,있다,Adjective
.,.,.,Punctuation
이는,이는,이다,Verb
광고주,광고주,광고주,Noun
와의,와의,와의,Josa
유료,유료,유료,Noun
계약,계약,계약,Noun
또는,또는,또는,Adverb
제휴,제휴,제휴,Noun
관계,관계,관계,Noun
제공,제공,제공,Noun
하는,하는,하다,Verb
정보,정보,정보,Noun
출처,출처,출처,Noun
밝히기,밝히기,밝히다,Verb
위,위,위,Noun
한,한,한,Josa
조치,조치,조치,Noun
입니다,입니다,이다,Adjective
.,.,.,Punctuation
2,2,2,Number
회사,회사,회사,Noun
는,는,는,Josa
외부,외부,외부,Noun
사이트,사이트,사이트,Noun
링크,링크,링크,Noun
된,된,되다,Verb
자료,자료,자료,Noun
대한,대한,대한,Noun
통제,통제,통제,Noun
권,권,권,Suffix
없는,없는,없다,Adjective
관계,관계,관계,Noun
링크,링크,링크,Noun
제공,제공,제공,Noun
받는,받는,받다,Verb
서비스,서비스,서비스,Noun
자료,자료,자료,Noun
유용성,유용성,유용성,Noun
이나,이나,이나,Josa
신뢰,신뢰,신뢰,Noun
성,성,성,Suffix
대해,대해,대해,Noun
보증,보증,보증,Noun
할,할,하다,Verb
수,수,수,Noun
없습니다,없습니다,없다,Adjective
.,.,.,Punctuation
회사,회사,회사,Noun
공식,공식,공식,Noun
사이트,사이트,사이트,Noun
모바일,모바일,모바일,Noun
앱,앱,앱,Noun
연결,연결,연결,Noun
된,된,되다,Verb
링크,링크,링크,Noun
클릭,클릭,클릭,Noun
하여,하여,하다,Verb
타,타,타,Noun
사이트,사이트,사이트,Noun
이동,이동,이동,Noun
한,한,한,Josa
경우,경우,경우,Noun
에는,에는,에는,Josa
해당,해당,해당,Noun
사이트,사이트,사이트,Noun
개인,개인,개인,Noun
정보보호,정보보호,정보보호,Noun
정책,정책,정책,Noun
이나,이나,이나,Josa
운영,운영,운영,Noun
정책,정책,정책,Noun
적용,적용,적용,Noun
받는,받는,받다,Verb
점,점,점,Noun
유의,유의,유의,Noun
바랍니다,바랍니다,바라다,Verb
.,.,.,Punctuation
10,10,10,Number
.,.,.,Punctuation
게시,게시,게시,Noun
물,물,물,Noun
1,1,1,Number
회사,회사,회사,Noun
는,는,는,Josa
회원,회원,회원,Noun
등록,등록,등록,Noun
한,한,한,Josa
모든,모든,모든,Noun
게시,게시,게시,Noun
물,물,물,Noun
소중하게,소중하게,소중하다,Adjective
생각,생각,생각,Noun
하며,하며,하다,Verb
변조,변조,변조,Noun
",",",",",",Punctuation
훼손,훼손,훼손,Noun
",",",",",",Punctuation
삭제,삭제,삭제,Noun
되지,되지,되다,Verb
않도록,않도록,않다,Verb
보호,보호,보호,Noun
하기,하기,하다,Verb
위,위,위,Noun
한,한,한,Josa
절차,절차,절차,Noun
운영,운영,운영,Noun
하고,하고,하고,Josa
있습니다,있습니다,있다,Adjective
.,.,.,Punctuation
중,중,중,Noun
해당,해당,해당,Noun
될,될,되다,Verb
경우,경우,경우,Noun
",",",",",",Punctuation
관리자,관리자,관리자,Noun
게시,게시,게시,Noun
자의,자의,자의,Noun
사전,사전,사전,Noun
동의,동의,동의,Noun
없이,없이,없이,Adverb
임의,임의,임의,Noun
삭제,삭제,삭제,Noun
합니다,합니다,하다,Verb
.,.,.,Punctuation
회사,회사,회사,Noun
는,는,는,Josa
같은,같은,같다,Adjective
삭제,삭제,삭제,Noun
대상,대상,대상,Noun
글,글,글,Noun
등록,등록,등록,Noun
하는,하는,하다,Verb
회원,회원,회원,Noun
대하,대하,대하,Noun
로그인,로그인,로그인,Noun
정지,정지,정지,Noun
",",",",",",Punctuation
강제,강제,강제,Noun
탈퇴,탈퇴,탈퇴,Noun
조치,조치,조치,Noun
취할,취할,취할,Noun
수,수,수,Noun
있습니다,있습니다,있다,Adjective
.,.,.,Punctuation
개인,개인,개인,Noun
또는,또는,또는,Adverb
기관,기관,기관,Noun
실명,실명,실명,Noun
거론,거론,거론,Noun
하여,하여,하다,Verb
비방,비방,비방,Noun
거나,거나,거나,Noun
명예훼손,명예훼손,명예훼손,Noun
성,성,성,Suffix
의견,의견,의견,Noun
등록,등록,등록,Noun
한,한,한,Josa
경우,경우,경우,Noun
등록,등록,등록,Noun
한,한,한,Josa
글,글,글,Noun
대해,대해,대해,Noun
당사자,당사자,당사자,Noun
명시,명시,명시,Noun
적,적,적,Suffix
이의제기,이의제기,이의제기,Noun
제시,제시,제시,Noun
되거나,되거나,되다,Verb
",",",",",",Punctuation
회원,회원,회원,Noun
명예훼손,명예훼손,명예훼손,Noun
또는,또는,또는,Adverb
인신공격,인신공격,인신공격,Noun
신고,신고,신고,Noun
빈번,빈번,빈번,Noun
하게,하게,하다,Verb
제시,제시,제시,Noun
된,된,되다,Verb
경우,경우,경우,Noun
스팸성,스팸성,스팸성,Noun
광고,광고,광고,Noun
",",",",",",Punctuation
음담패설,음담패설,음담패설,Noun
",",",",",",Punctuation
폭언,폭언,폭언,Noun
",",",",",",Punctuation
반말,반말,반말,Noun
같은,같은,같다,Adjective
내용,내용,내용,Noun
빈번,빈번,빈번,Noun
하게,하게,하다,Verb
등록,등록,등록,Noun
한,한,한,Josa
경우,경우,경우,Noun
범죄,범죄,범죄,Noun
적,적,적,Suffix
행위,행위,행위,Noun
결부,결부,결부,Noun
된다고,된다고,되다,Verb
객관,객관,객관,Noun
적,적,적,Suffix
인정,인정,인정,Noun
되는,되는,되다,Verb
내용,내용,내용,Noun
등록,등록,등록,Noun
한,한,한,Josa
경우,경우,경우,Noun
회사,회사,회사,Noun
또는,또는,또는,Adverb
3,3,3,Number
자의,자의,자의,Noun
지적재산권,지적재산권,지적재산권,Noun
이나,이나,이나,Josa
법적,법적,법적,Noun
권리,권리,권리,Noun
침해,침해,침해,Noun
하는,하는,하다,Verb
내용,내용,내용,Noun
등록,등록,등록,Noun
한,한,한,Josa
경우,경우,경우,Noun
해킹,해킹,해킹,Noun
",",",",",",Punctuation
컴퓨터,컴퓨터,컴퓨터,Noun
바이러스,바이러스,바이러스,Noun
유포,유포,유포,Noun
회사,회사,회사,Noun
서비스,서비스,서비스,Noun
운영,운영,운영,Noun
지장,지장,지장,Noun
초래,초래,초래,Noun
하는,하는,하다,Verb
경우,경우,경우,Noun
정보통신망법,정보통신망법,정보통신망법,Noun
저작권법,저작권법,저작권법,Noun
관계,관계,관계,Noun
법령,법령,법령,Noun
위반,위반,위반,Noun
된다고,된다고,되다,Verb
판단,판단,판단,Noun
되는,되는,되다,Verb
내용,내용,내용,Noun
등록,등록,등록,Noun
한,한,한,Josa
경우,경우,경우,Noun
게시판,게시판,게시판,Noun
고유,고유,고유,Noun
운영,운영,운영,Noun
목적,목적,목적,Noun
명백히,명백히,명백하다,Adjective
위배,위배,위배,Noun
되는,되는,되다,Verb
내용,내용,내용,Noun
빈번,빈번,빈번,Noun
하게,하게,하다,Verb
등록,등록,등록,Noun
하는,하는,하다,Verb
경우,경우,경우,Noun
2,2,2,Number
회사,회사,회사,Noun
는,는,는,Josa
건전한,건전한,건전하다,Adjective
게시판,게시판,게시판,Noun
문화,문화,문화,Noun
유지,유지,유지,Noun
하기,하기,하다,Verb
위,위,위,Noun
하여,하여,하다,Verb
당사자,당사자,당사자,Noun
동의,동의,동의,Noun
없이,없이,없이,Adverb
사람,사람,사람,Noun
이나,이나,이나,Josa
기관,기관,기관,Noun
실명,실명,실명,Noun
거론,거론,거론,Noun
하여,하여,하다,Verb
비난,비난,비난,Noun
성,성,성,Suffix
의견,의견,의견,Noun
등록,등록,등록,Noun
할,할,하다,Verb
경우,경우,경우,Noun
",",",",",",Punctuation
해당,해당,해당,Noun
부분,부분,부분,Noun
삭제,삭제,삭제,Noun
거나,거나,거나,Noun
기호,기호,기호,Noun
수정,수정,수정,Noun
할,할,하다,Verb
수,수,수,Noun
있습니다,있습니다,있다,Adjective
.,.,.,Punctuation
3,3,3,Number
회사,회사,회사,Noun
는,는,는,Josa
게시,게시,게시,Noun
물의,물의,물의,Noun
내용,내용,내용,Noun
대해,대해,대해,Noun
사람,사람,사람,Noun
이나,이나,이나,Josa
기관,기관,기관,Noun
으로부터,으로부터,으로부터,Josa
이의,이의,이의,Noun
제기,제기,제기,Noun
될,될,되다,Verb
경우,경우,경우,Noun
해당,해당,해당,Noun
내용,내용,내용,Noun
임시,임시,임시,Noun
삭제,삭제,삭제,Noun
하는,하는,하다,Verb
임시조치,임시조치,임시조치,Noun
취할,취할,취할,Noun
수,수,수,Noun
있습니다,있습니다,있다,Adjective
.,.,.,Punctuation
해당,해당,해당,Noun
내용,내용,내용,Noun
대해,대해,대해,Noun
당사자,당사자,당사자,Noun
간,간,간,Suffix
원활한,원활한,원활하다,Adjective
합의,합의,합의,Noun
이루어질,이루어질,이루어지다,Verb
경우,경우,경우,Noun
해당,해당,해당,Noun
내용,내용,내용,Noun
재,재,재,Noun
등록,등록,등록,Noun
거나,거나,거나,Noun
영구,영구,영구,Noun
적,적,적,Suffix
삭제,삭제,삭제,Noun
합니다,합니다,하다,Verb
.,.,.,Punctuation
4,4,4,Number
회사,회사,회사,Noun
는,는,는,Josa
게시판,게시판,게시판,Noun
운영,운영,운영,Noun
목적,목적,목적,Noun
주제,주제,주제,Noun
게시,게시,게시,Noun
글,글,글,Noun
은,은,은,Josa
해당,해당,해당,Noun
주제,주제,주제,Noun
게시판,게시판,게시판,Noun
이동,이동,이동,Noun
시킬,시킬,시키다,Verb
수,수,수,Noun
있습니다,있습니다,있다,Adjective
.,.,.,Punctuation
",",",",",",Punctuation
하이,하이,하이,Noun
브레인,브레인,브레인,Noun
(*,(*,(*,Foreign
.hibrain.net,.hibrain.net,.hibrain.net,URL
하이,하이,하이,Noun
드넷,드넷,드넷,Noun
(*,(*,(*,Foreign
.higrad.net,.higrad.net,.higrad.net,URL
사이트,사이트,사이트,Noun
호에,호에,호에,Exclamation
해당,해당,해당,Noun
하는,하는,하다,Verb
게시판,게시판,게시판,Noun
회원,회원,회원,Noun
등록,등록,등록,Noun
한,한,한,Josa
게시,게시,게시,Noun
물,물,물,Noun
은,은,은,Josa
다양한,다양한,다양하다,Adjective
질문,질문,질문,Noun
원활한,원활한,원활하다,Adjective
답변,답변,답변,Noun
등록,등록,등록,Noun
위해,위해,위해,Noun
두,두,두,Noun
사이트,사이트,사이트,Noun
서로,서로,서로,Noun
공유,공유,공유,Noun
되어,되어,되어다,Verb
서비스,서비스,서비스,Noun
됩니다,됩니다,되다,Verb
.,.,.,Punctuation
진로,진로,진로,Noun
상담,상담,상담,Noun
실,실,실,Noun
진학,진학,진학,Noun
상담,상담,상담,Noun
실,실,실,Noun
유학,유학,유학,Noun
상담,상담,상담,Noun
실,실,실,Noun
논문,논문,논문,Noun
토론,토론,토론,Noun
실,실,실,Noun
학술,학술,학술,Noun
토론,토론,토론,Noun
실,실,실,Noun
5,5,5,Number
등록,등록,등록,Noun
된,된,되다,Verb
게시,게시,게시,Noun
물,물,물,Noun
관련,관련,관련,Noun
된,된,되다,Verb
제반,제반,제반,Noun
권리,권리,권리,Noun
책임,책임,책임,Noun
은,은,은,Josa
등록,등록,등록,Noun
개인,개인,개인,Noun
있습니다,있습니다,있다,Adjective
.,.,.,Punctuation
게시,게시,게시,Noun
물,물,물,Noun
통해,통해,통해,Noun
자발,자발,자발,Noun
적,적,적,Suffix
공개,공개,공개,Noun
된,된,되다,Verb
정보,정보,정보,Noun
는,는,는,Josa
권리,권리,권리,Noun
보호,보호,보호,Noun
받기,받기,받다,Verb
어려우므로,어려우므로,어리다,Verb
게시,게시,게시,Noun
물,물,물,Noun
작성,작성,작성,Noun
정보,정보,정보,Noun
공개,공개,공개,Noun
전,전,전,Noun
심사숙고,심사숙고,심사숙고,Noun
하여,하여,하다,Verb
작성,작성,작성,Noun
바랍니다,바랍니다,바라다,Verb
.,.,.,Punctuation
11,11,11,Number
.,.,.,Punctuation
아동,아동,아동,Noun
청소년,청소년,청소년,Noun
개인,개인,개인,Noun
정보보호,정보보호,정보보호,Noun
회사,회사,회사,Noun
는,는,는,Josa
본,본,보다,Verb
사이트,사이트,사이트,Noun
국내외,국내외,국내외,Noun
교수,교수,교수,Noun
",",",",",",Punctuation
연구원,연구원,연구원,Noun
",",",",",",Punctuation
Post,Post,Post,Alpha
Doc,Doc,Doc,Alpha
대학원생,대학원생,대학원생,Noun
포함,포함,포함,Noun
한,한,한,Josa
석,석,석,Modifier
박사,박사,박사,Noun
급,급,급,Suffix
고급,고급,고급,Noun
두뇌,두뇌,두뇌,Noun
대상,대상,대상,Noun
교수,교수,교수,Noun
연구원,연구원,연구원,Noun
채용,채용,채용,Noun
",",",",",",Punctuation
대학원생,대학원생,대학원생,Noun
모집,모집,모집,Noun
",",",",",",Punctuation
학술,학술,학술,Noun
행사,행사,행사,Noun
",",",",",",Punctuation
해외,해외,해외,Noun
연수,연수,연수,Noun
",",",",",",Punctuation
전문교육,전문교육,전문교육,Noun
장학금,장학금,장학금,Noun
공모전,공모전,공모전,Noun
정보,정보,정보,Noun
특화된,특화된,특화된,Noun
학술,학술,학술,Noun
연구,연구,연구,Noun
정보,정보,정보,Noun
제공,제공,제공,Noun
하기,하기,하다,Verb
위,위,위,Noun
한,한,한,Josa
포털,포털,포털,Noun
사이트,사이트,사이트,Noun
운영,운영,운영,Noun
하고,하고,하고,Josa
있습니다,있습니다,있다,Adjective
.,.,.,Punctuation
회사,회사,회사,Noun
는,는,는,Josa
만,만,만,Noun
14,14,14,Number
세,세,세,Noun
미만,미만,미만,Noun
아동,아동,아동,Noun
청소년,청소년,청소년,Noun
개인정보,개인정보,개인정보,Noun
는,는,는,Josa
수집,수집,수집,Noun
하지,하지,하다,Verb
않습니다,않습니다,않다,Verb
.,.,.,Punctuation
12,12,12,Number
.,.,.,Punctuation
개인정보,개인정보,개인정보,Noun
위탁,위탁,위탁,Noun
처리,처리,처리,Noun
회사,회사,회사,Noun
는,는,는,Josa
개인정보,개인정보,개인정보,Noun
1,1,1,Number
.,.,.,Punctuation
개인정보,개인정보,개인정보,Noun
수집,수집,수집,Noun
이용,이용,이용,Noun
목적,목적,목적,Noun
고지,고지,고지,Noun
한,한,한,Josa
범위,범위,범위,Noun
내,내,내,Noun
에서만,에서만,에서만,Josa
사용,사용,사용,Noun
하며,하며,하다,Verb
",",",",",",Punctuation
이용자,이용자,이용자,Noun
사전,사전,사전,Noun
동의,동의,동의,Noun
없이,없이,없이,Adverb
고지,고지,고지,Noun
한,한,한,Josa
범위,범위,범위,Noun
초과,초과,초과,Noun
하여,하여,하다,Verb
이용,이용,이용,Noun
하지,하지,하다,Verb
않습니다,않습니다,않다,Verb
.,.,.,Punctuation
1,1,1,Number
회사,회사,회사,Noun
는,는,는,Josa
서비스,서비스,서비스,Noun
향상,향상,향상,Noun
위해,위해,위해,Noun
서,서,서,Josa
아래,아래,아래,Noun
개인정보,개인정보,개인정보,Noun
위탁,위탁,위탁,Noun
하고,하고,하고,Josa
있으며,있으며,있다,Adjective
",",",",",",Punctuation
관계,관계,관계,Noun
법령,법령,법령,Noun
위탁,위탁,위탁,Noun
계,계,계,Suffix
약시,약시,약시,Noun
개인정보,개인정보,개인정보,Noun
안전하게,안전하게,안전하다,Adjective
관리,관리,관리,Noun
될,될,되다,Verb
수,수,수,Noun
있도록,있도록,있다,Adjective
필요한,필요한,필요하다,Adjective
사항,사항,사항,Noun
규정,규정,규정,Noun
하고,하고,하고,Josa
있습니다,있습니다,있다,Adjective
.,.,.,Punctuation
변동,변동,변동,Noun
사항,사항,사항,Noun
발생,발생,발생,Noun
시,시,시,Noun
공지,공지,공지,Noun
사항,사항,사항,Noun
또는,또는,또는,Adverb
개인,개인,개인,Noun
정보처리,정보처리,정보처리,Noun
방침,방침,방침,Noun
통해,통해,통해,Noun
고지,고지,고지,Noun
하겠습니다,하겠습니다,하다,Verb
.,.,.,Punctuation
수탁,수탁,수탁,Noun
업체,업체,업체,Noun
위탁,위탁,위탁,Noun
업무,업무,업무,Noun
내용,내용,내용,Noun
개인정보,개인정보,개인정보,Noun
이용,이용,이용,Noun
기간,기간,기간,Noun
Amazon,Amazon,Amazon,Alpha
Web,Web,Web,Alpha
Services,Services,Services,Alpha
Korea,Korea,Korea,Alpha
LLC,LLC,LLC,Alpha
개인정보,개인정보,개인정보,Noun
보관,보관,보관,Noun
된,된,되다,Verb
클라우드,클라우드,클라우드,Noun
서버,서버,서버,Noun
운영,운영,운영,Noun
관리,관리,관리,Noun
Amazon,Amazon,Amazon,Alpha
Web,Web,Web,Alpha
Service,Service,Service,Alpha
는,는,늘다,Verb
회원,회원,회원,Noun
개인정보,개인정보,개인정보,Noun
접근,접근,접근,Noun
할,할,하다,Verb
수,수,수,Noun
없으며,없으며,없다,Adjective
",",",",",",Punctuation
서비스,서비스,서비스,Noun
제공,제공,제공,Noun
위,위,위,Noun
한,한,한,Josa
클라우드,클라우드,클라우드,Noun
컴퓨팅,컴퓨팅,컴퓨팅,Noun
환경,환경,환경,Noun
만,만,만,Josa
제공,제공,제공,Noun
회원,회원,회원,Noun
탈퇴,탈퇴,탈퇴,Noun
또는,또는,또는,Adverb
개인정보,개인정보,개인정보,Noun
유효,유효,유효,Noun
기간,기간,기간,Noun
도래,도래,도래,Noun
시,시,시,Noun
보관,보관,보관,Noun
NICE,NICE,NICE,Alpha
신용,신용,신용,Noun
평가,평가,평가,Noun
정보,정보,정보,Noun
주,주,주,Noun
휴대폰,휴대폰,휴대폰,Noun
아이핀,아이핀,아이핀,Noun
본인,본인,본인,Noun
인증,인증,인증,Noun
중복,중복,중복,Noun
가입,가입,가입,Noun
확인,확인,확인,Noun
해당,해당,해당,Noun
업체,업체,업체,Noun
이미,이미,이미,Adverb
보유,보유,보유,Noun
하고,하고,하고,Josa
있는,있는,있다,Adjective
개인정보,개인정보,개인정보,Noun
이기,이기,이기,Noun
때문,때문,때문,Noun
별도,별도,별도,Noun
저장,저장,저장,Noun
하지,하지,하다,Verb
않음,않음,않다,Verb
KG,KG,KG,Alpha
이니,이니,이다,Verb
시스,시스,시스,Noun
결제,결제,결제,Noun
처리,처리,처리,Noun
신용카드,신용카드,신용카드,Noun
관계,관계,관계,Noun
법령,법령,법령,Noun
따른,따른,따르다,Verb
보관,보관,보관,Noun
기한,기한,기한,Noun
LG,LG,LG,Alpha
U,U,U,Alpha
세금,세금,세금,Noun
계산서,계산서,계산서,Noun
",",",",",",Punctuation
현금영수증,현금영수증,현금영수증,Noun
관계,관계,관계,Noun
법령,법령,법령,Noun
따른,따른,따르다,Verb
보관,보관,보관,Noun
기한,기한,기한,Noun
13,13,13,Number
.,.,.,Punctuation
회원,회원,회원,Noun
권리,권리,권리,Noun
의무,의무,의무,Noun
1,1,1,Number
회원,회원,회원,Noun
은,은,은,Josa
회원,회원,회원,Noun
전용,전용,전용,Noun
서비스,서비스,서비스,Noun
원활하게,원활하게,원활하다,Adjective
제공,제공,제공,Noun
받기,받기,받다,Verb
위해,위해,위해,Noun
회원,회원,회원,Noun
가입,가입,가입,Noun
시,시,시,Noun
개인정보,개인정보,개인정보,Noun
정확하게,정확하게,정확하다,Adjective
입력,입력,입력,Noun
할,할,하다,Verb
의무,의무,의무,Noun
있으며,있으며,있다,Adjective
",",",",",",Punctuation
변동,변동,변동,Noun
사항,사항,사항,Noun
대해,대해,대해,Noun
주,주,주,Modifier
기적,기적,기적,Noun
수정,수정,수정,Noun
하여,하여,하다,Verb
불의,불의,불의,Noun
피해,피해,피해,Noun
방지,방지,방지,Noun
할,할,하다,Verb
수,수,수,Noun
있도록,있도록,있다,Adjective
협조,협조,협조,Noun
바랍니다,바랍니다,바라다,Verb
.,.,.,Punctuation
회원,회원,회원,Noun
입력,입력,입력,Noun
한,한,한,Josa
부,부,부,Noun
정확한,정확한,정확하다,Adjective
정보,정보,정보,Noun
인해,인해,인하다,Adjective
발생,발생,발생,Noun
하는,하는,하다,Verb
모든,모든,모든,Noun
사고,사고,사고,Noun
책임,책임,책임,Noun
은,은,은,Josa
회원,회원,회원,Noun
있으며,있으며,있다,Adjective
",",",",",",Punctuation
명의,명의,명의,Noun
도용,도용,도용,Noun
할,할,하다,Verb
경우,경우,경우,Noun
에는,에는,에는,Josa
회원,회원,회원,Noun
자격,자격,자격,Noun
상실,상실,상실,Noun
주민등록,주민등록,주민등록,Noun
법,법,법,Noun
처벌,처벌,처벌,Noun
될,될,되다,Verb
수,수,수,Noun
있습니다,있습니다,있다,Adjective
.,.,.,Punctuation
2,2,2,Number
회원,회원,회원,Noun
은,은,은,Josa
개인정보,개인정보,개인정보,Noun
보호,보호,보호,Noun
받을,받을,받다,Verb
권리,권리,권리,Noun
개인정보,개인정보,개인정보,Noun
보호,보호,보호,Noun
하고,하고,하고,Josa
개인정보,개인정보,개인정보,Noun
침해,침해,침해,Noun
하지,하지,하다,Verb
않을,않을,않다,Verb
의무,의무,의무,Noun
도,도,도,Josa
가지,가지,가지,Noun
고,고,고,Josa
있습니다,있습니다,있다,Adjective
.,.,.,Punctuation
특히,특히,특히,Adverb
",",",",",",Punctuation
게시,게시,게시,Noun
물,물,물,Noun
등록,등록,등록,Noun
시,시,시,Noun
사람,사람,사람,Noun
이나,이나,이나,Josa
기관,기관,기관,Noun
명예,명예,명예,Noun
훼손,훼손,훼손,Noun
거나,거나,거나,Noun
저작권,저작권,저작권,Noun
위배,위배,위배,Noun
되는,되는,되다,Verb
저작물,저작물,저작물,Noun
등록,등록,등록,Noun
하지,하지,하다,Verb
않도록,않도록,않다,Verb
주의,주의,주의,Noun
바랍니다,바랍니다,바라다,Verb
.,.,.,Punctuation
명예훼손,명예훼손,명예훼손,Noun
이나,이나,이나,Josa
저작권,저작권,저작권,Noun
위배,위배,위배,Noun
되는,되는,되다,Verb
내용,내용,내용,Noun
등록,등록,등록,Noun
할,할,하다,Verb
경우,경우,경우,Noun
『,『,『,Foreign
정보통신망,정보통신망,정보통신망,Noun
이용,이용,이용,Noun
촉진,촉진,촉진,Noun
정보보호,정보보호,정보보호,Noun
관,관,관,Noun
한,한,한,Josa
법률,법률,법률,Noun
』,』,』,Foreign
관련,관련,관련,Noun
법규,법규,법규,Noun
처벌,처벌,처벌,Noun
될,될,되다,Verb
수,수,수,Noun
있습니다,있습니다,있다,Adjective
.,.,.,Punctuation
14,14,14,Number
.,.,.,Punctuation
개인정보,개인정보,개인정보,Noun
보호책임,보호책임,보호책임,Noun
연락처,연락처,연락처,Noun
민원,민원,민원,Noun
서비스,서비스,서비스,Noun
회사,회사,회사,Noun
는,는,는,Josa
이용자,이용자,이용자,Noun
서비스,서비스,서비스,Noun
이용,이용,이용,Noun
발생,발생,발생,Noun
한,한,한,Josa
개인정보,개인정보,개인정보,Noun
관련,관련,관련,Noun
된,된,되다,Verb
문의사항,문의사항,문의사항,Noun
처리,처리,처리,Noun
하기,하기,하다,Verb
위해,위해,위해,Noun
",",",",",",Punctuation
아래,아래,아래,Noun
개인정보,개인정보,개인정보,Noun
보호책임,보호책임,보호책임,Noun
지정,지정,지정,Noun
하고,하고,하고,Josa
고객,고객,고객,Noun
센터,센터,센터,Noun
운영,운영,운영,Noun
하고,하고,하고,Josa
있습니다,있습니다,있다,Adjective
.,.,.,Punctuation
개인정보,개인정보,개인정보,Noun
보호책임,보호책임,보호책임,Noun
고객,고객,고객,Noun
센터,센터,센터,Noun
이름,이름,이름,Noun
우성민,우성민,우성민,Noun
연락처,연락처,연락처,Noun
055,055,055,Number
282-8252,282-8252,282-8252,Number
privacy@hibrain.net,privacy@hibrain.net,privacy@hibrain.net,Email
055,055,055,Number
282-8252,282-8252,282-8252,Number
help@hibrain.net,help@hibrain.net,help@hibrain.net,Email
전화,전화,전화,Noun
상담,상담,상담,Noun
은,은,은,Josa
평일,평일,평일,Noun
9:00,9:00,9:00,Number
17:00,17:00,17:00,Number
에만,에만,에만,Josa
가능하며,가능하며,가능하다,Adjective
",",",",",",Punctuation
이메일,이메일,이메일,Noun
이나,이나,이나,Josa
팩스,팩스,팩스,Noun
이용,이용,이용,Noun
한,한,한,Josa
상담,상담,상담,Noun
은,은,은,Josa
접수,접수,접수,Noun
후,후,후,Noun
1,1,1,Number
주,주,주,Modifier
내,내,내,Noun
성실하게,성실하게,성실하다,Adjective
답변,답변,답변,Noun
드리겠습니다,드리겠습니다,드리다,Verb
.,.,.,Punctuation
단,단,단,Noun
",",",",",",Punctuation
근무시간,근무시간,근무시간,Noun
이후,이후,이후,Noun
또는,또는,또는,Adverb
주말,주말,주말,Noun
공휴일,공휴일,공휴일,Noun
에는,에는,에는,Josa
익일,익일,익일,Noun
처리,처리,처리,Noun
하는,하는,하다,Verb
원칙,원칙,원칙,Noun
합니다,합니다,하다,Verb
.,.,.,Punctuation
개인정보,개인정보,개인정보,Noun
관,관,관,Noun
한,한,한,Josa
상담,상담,상담,Noun
필요한,필요한,필요하다,Adjective
경우,경우,경우,Noun
에는,에는,에는,Josa
개인정보,개인정보,개인정보,Noun
침해,침해,침해,Noun
신고,신고,신고,Noun
센터,센터,센터,Noun
문의,문의,문의,Noun
하실,하실,하다,Verb
수,수,수,Noun
있습니다,있습니다,있다,Adjective
.,.,.,Punctuation
기관,기관,기관,Noun
명,명,명,Suffix
전화,전화,전화,Noun
홈페이지,홈페이지,홈페이지,Noun
개인정보,개인정보,개인정보,Noun
침해,침해,침해,Noun
신고,신고,신고,Noun
센터,센터,센터,Noun
국번,국번,국번,Noun
없이,없이,없이,Adverb
118,118,118,Number
http://privacy.kisa.or.kr,http://privacy.kisa.or.kr,http://privacy.kisa.or.kr,URL
대검찰청,대검찰청,대검찰청,Noun
사이버,사이버,사이버,Noun
수,수,수,Modifier
사과,사과,사과,Noun
국번,국번,국번,Noun
없이,없이,없이,Adverb
1301,1301,1301,Number
http://www.spo.go.kr,http://www.spo.go.kr,http://www.spo.go.kr,URL
경찰청,경찰청,경찰청,Noun
사이버,사이버,사이버,Noun
수,수,수,Modifier
사국,사국,사국,Noun
국번,국번,국번,Noun
없이,없이,없이,Adverb
182,182,182,Number
http://www.police.go.kr,http://www.police.go.kr,http://www.police.go.kr,URL
15,15,15,Number
.,.,.,Punctuation
본,본,보다,Verb
정책,정책,정책,Noun
은,은,은,Josa
2023년,2023년,2023년,Number
11월,11월,11월,Number
14일,14일,14일,Number
개정,개정,개정,Noun
하였습니다,하였습니다,하다,Verb
.,.,.,Punctuation
정부,정부,정부,Noun
정책,정책,정책,Noun
또는,또는,또는,Adverb
보안,보안,보안,Noun
기술,기술,기술,Noun
변경,변경,변경,Noun
내용,내용,내용,Noun
추가,추가,추가,Noun
삭제,삭제,삭제,Noun
수정,수정,수정,Noun
있을시에는,있을시에는,있다,Adjective
개정,개정,개정,Noun
최소,최소,최소,Noun
7일,7일,7일,Number
전,전,전,Noun
공식,공식,공식,Noun
사이트,사이트,사이트,Noun
공지,공지,공지,Noun
사항,사항,사항,Noun
”,”,”,Foreign
란,란,란,Noun
통해,통해,통해,Noun
고지,고지,고지,Noun
할,할,하다,Verb
입니다,입니다,이다,Adjective
.,.,.,Punctuation
■,■,■,Foreign
개인,개인,개인,Noun
정보보호,정보보호,정보보호,Noun
정책,정책,정책,Noun
버전,버전,버전,Noun
번호,번호,번호,Noun
v,v,v,Alpha
4.0,4.0,4.0,Number
■,■,■,Foreign
개인,개인,개인,Noun
정보보호,정보보호,정보보호,Noun
정책,정책,정책,Noun
개정,개정,개정,Noun
시행일,시행일,시행일,Noun
2023,2023,2023,Number
.,.,.,Punctuation
11,11,11,Number
.,.,.,Punctuation
14,14,14,Number
프로모션,프로모션,프로모션,Noun
정보,정보,정보,Noun
이메일,이메일,이메일,Noun
수신,수신,수신,Noun
동의,동의,동의,Noun
선택,선택,선택,Noun
회사,회사,회사,Noun
제공,제공,제공,Noun
하는,하는,하다,Verb
유용한,유용한,유용하다,Adjective
이벤트,이벤트,이벤트,Noun
혜택,혜택,혜택,Noun
",",",",",",Punctuation
설문조사,설문조사,설문조사,Noun
참여,참여,참여,Noun
다양한,다양한,다양하다,Adjective
정보,정보,정보,Noun
이메일,이메일,이메일,Noun
수신,수신,수신,Noun
가능합니다,가능합니다,가능하다,Adjective
.,.,.,Punctuation
본,본,보다,Verb
항목,항목,항목,Noun
은,은,은,Josa
선택,선택,선택,Noun
사항,사항,사항,Noun
므,므,므,Noun
동의,동의,동의,Noun
거부,거부,거부,Noun
하는,하는,하다,Verb
경우,경우,경우,Noun
에도,에도,에도,Josa
회사,회사,회사,Noun
서비스,서비스,서비스,Noun
이용,이용,이용,Noun
하실,하실,하다,Verb
수,수,수,Noun
있습니다,있습니다,있다,Adjective
.,.,.,Punctuation
수신,수신,수신,Noun
거부,거부,거부,Noun
시,시,시,Noun
",",",",",",Punctuation
동의,동의,동의,Noun
통해,통해,통해,Noun
제공,제공,제공,Noun
가능한,가능한,가능하다,Adjective
다양한,다양한,다양하다,Adjective
정보,정보,정보,Noun
혜택,혜택,혜택,Noun
은,은,은,Josa
받아,받아,받다,Verb
보실,보실,보다,Verb
수,수,수,Noun
없습니다,없습니다,없다,Adjective
.,.,.,Punctuation
주요,주요,주요,Modifier
공지,공지,공지,Noun
",",",",",",Punctuation
보안,보안,보안,Noun
관련,관련,관련,Noun
사항,사항,사항,Noun
",",",",",",Punctuation
이벤트,이벤트,이벤트,Noun
당첨,당,당,Modifier
당첨,처음,처음,Noun
대해,대해,대해,Noun
서는,서는,서다,Verb
수신,수신,수신,Noun
동의,동의,동의,Noun
알려,알려,알다,Verb
드립니다,드립니다,드리다,Verb
.,.,.,Punctuation
공지,공지,공지,Noun
사항,사항,사항,Noun
2024년,2024년,2024년,Number
1분,1분,1분,Number
기,기,기,Foreign
진학,진학,진학,Noun
유학,유학,유학,Noun
상담,상담,상담,Noun
실,실,실,Noun
우수,우수,우수,Noun
회원,회원,회원,Noun
선정,선정,선정,Noun
이벤트,이벤트,이벤트,Noun
결과,결과,결과,Noun
안내,안내,안내,Noun
더,더,더,Noun
보기,보기,보기,Noun
회사,회사,회사,Noun
소개,소개,소개,Noun
이용,이용,이용,Noun
약관,약관,약관,Noun
개인,개인,개인,Noun
정보처리,정보처리,정보처리,Noun
방침,방침,방침,Noun
청소년,청소년,청소년,Noun
보호,보호,보호,Noun
정책,정책,정책,Noun
이메일,이메일,이메일,Noun
주소,주소,주소,Noun
무단,무단,무단,Noun
수집,수집,수집,Noun
거부,거부,거부,Noun
사업자,사업자,사업자,Noun
정보,정보,정보,Noun
확인,확인,확인,Noun
제휴,제휴,제휴,Noun
문의,문의,문의,Noun
하이,하이,하이,Noun
브레인,브레인,브레인,Noun
대표,대표,대표,Noun
禹容泰,禹容泰,禹容泰,Foreign
사업자,사업자,사업자,Noun
등록,등록,등록,Noun
번호,번호,번호,Noun
609-13,609-13,609-13,Number
51382,51382,51382,Number
51139,51139,51139,Number
경남,경남,경남,Noun
창원시,창원시,창원시,Noun
의창구,의창구,의창구,Noun
용동,용동,용동,Noun
57,57,57,Number
번,번,번,Noun
안길,안길,안길,Noun
9-11,9-11,9-11,Number
",",",",",",Punctuation
1003,1003,1003,Number
호,호,호,Noun
사림,사림,사림,Noun
동,동,동,Modifier
",",",",",",Punctuation
미래,미래,미래,Noun
리움,리움,리움,Noun
2,2,2,Number
통신,통신,통신,Noun
판매업,판매업,판매업,Noun
신고,신고,신고,Noun
번호,번호,번호,Noun
2019,2019,2019,Number
창원,창원,창원,Noun
의창,의창,의창,Noun
0441,0441,0441,Number
호,호,호,Noun
직업,직업,직업,Noun
정보,정보,정보,Noun
제공,제공,제공,Noun
사업,사업,사업,Noun
창원,창원,창원,Noun
2008-1,2008-1,2008-1,Number
청소년,청소년,청소년,Noun
보호책임,보호책임,보호책임,Noun
金孝正,金孝正,金孝正,Foreign
브레인,브레인,브레인,Noun
뉴스,뉴스,뉴스,Noun
기사,기사,기사,Noun
배열,배열,배열,Noun
책임자,책임자,책임자,Noun
禹容泰,禹容泰,禹容泰,Foreign
기사,기사,기사,Noun
배열,배열,배열,Noun
기본,기본,기본,Noun
방침,방침,방침,Noun
Copyright,Copyright,Copyright,Alpha
1996,1996,1996,Number
현재,현재,현재,Noun
hibrain.net,hibrain.net,hibrain.net,URL
All,All,All,Alpha
rights,rights,rights,Alpha
reserved,reserved,reserved,Alpha
.,.,.,Punctuation
고객,고객,고객,Noun
센터,센터,센터,Noun
전,전,전,Noun
화,화,화,Noun
055,055,055,Number
282-8252,282-8252,282-8252,Number
",",",",",",Punctuation
070,070,070,Number
4913-8855,4913-8855,4913-8855,Number
팩,팩,팩,Noun
스,스,스,Noun
055,055,055,Number
282-8218,282-8218,282-8218,Number
이메일,이메일,이메일,Noun
help@hibrain.net,help@hibrain.net,help@hibrain.net,Email
1:1,1:1,1:1,Number
문의,문의,문의,Noun
하기,하기,하다,Verb
벤,벤,베다,Verb
처,처,처,Noun
인증,인증,인증,Noun
기업,기업,기업,Noun
기술,기술,기술,Noun
혁신,혁신,혁신,Noun
형,형,형,Suffix
중소기업,중소기업,중소기업,Noun
경,경,경,Modifier
혁신,혁신,혁신,Noun
형,형,형,Suffix
중소기업,중소기업,중소기업,Noun
인재,인재,인재,Noun
육성,육성,육성,Noun
중소기업,중소기업,중소기업,Noun
전체,전체,전체,Noun
보기,보기,보기,Noun
메뉴,메뉴,메뉴,Noun
는,는,는,Josa
로그인,로그인,로그인,Noun
필요한,필요한,필요하다,Adjective
회원,회원,회원,Noun
전용,전용,전용,Noun
메뉴,메뉴,메뉴,Noun
입니다,입니다,이다,Adjective
.,.,.,Punctuation
채용정보,채용정보,채용정보,Noun
맞춤,맞춤,맞춤,Noun
정보,정보,정보,Noun
맞춤,맞춤,맞춤,Noun
채용,채용,채용,Noun
즐겨찾기,즐겨찾기,즐겨찾기,Noun
관심,관심,관심,Noun
기관,기관,기관,Noun
채용정보,채용정보,채용정보,Noun
추천,추천,추천,Noun
신규,신규,신규,Noun
진행,진행,진행,Noun
오늘,오늘,오늘,Noun
마감,마감,마감,Noun
마감,마감,마감,Noun
유형,유형,유형,Noun
별,별,별,Modifier
채용정보,채용정보,채용정보,Noun
교수,교수,교수,Noun
강사,강사,강사,Noun
연구원,연구원,연구원,Noun
Post,Post,Post,Alpha
Doc,Doc,Doc,Alpha
.,.,.,Punctuation
공무원,공무원,공무원,Noun
직원,직원,직원,Noun
전문가,전문가,전문가,Noun
병역,병역,병역,Noun
특례,특례,특례,Noun
분류,분류,분류,Noun
별,별,별,Modifier
채용정보,채용정보,채용정보,Noun
전공,전공,전공,Noun
별,별,별,Noun
지역별,지역별,지역별,Noun
기관,기관,기관,Noun
별,별,별,Noun
학력,학력,학력,Noun
별,별,별,Noun
광고,광고,광고,Noun
신청,신청,신청,Noun
안내,안내,안내,Noun
대학원생,대학원생,대학원생,Noun
모집,모집,모집,Noun
학술,학술,학술,Noun
연구,연구,연구,Noun
정보,정보,정보,Noun
맞춤,맞춤,맞춤,Noun
정보,정보,정보,Noun
맞춤,맞춤,맞춤,Noun
학술,학술,학술,Noun
연구,연구,연구,Noun
즐겨찾기,즐겨찾기,즐겨찾기,Noun
관심,관심,관심,Noun
기관,기관,기관,Noun
연구,연구,연구,Noun
정보,정보,정보,Noun
연,연,연,Modifier
구비,구비,구비,Noun
정보,정보,정보,Noun
평가,평가,평가,Noun
심사,심사,심사,Noun
장학금,장학금,장학금,Noun
공모전,공모전,공모전,Noun
장학금,장학금,장학금,Noun
공모전,공모전,공모전,Noun
학술,학술,학술,Noun
정보,정보,정보,Noun
전문교육,전문교육,전문교육,Noun
학술,학술,학술,Noun
행사,행사,행사,Noun
논문,논문,논문,Noun
검색,검색,검색,Noun
브레인,브레인,브레인,Noun
카페,카페,카페,Noun
맞춤,맞춤,맞춤,Noun
정보,정보,정보,Noun
즐겨찾기,즐겨찾기,즐겨찾기,Noun
브레인,브레인,브레인,Noun
뉴스,뉴스,뉴스,Noun
뉴스,뉴스,뉴스,Noun
공지,공지,공지,Noun
사항,사항,사항,Noun
테마,테마,테마,Noun
카페,카페,카페,Noun
교수,교수,교수,Noun
길,길,길,Noun
연구원,연구원,연구원,Noun
길,길,길,Noun
교수,교수,교수,Noun
의방,의방,의방,Noun
강사,강사,강사,Noun
의방,의방,의방,Noun
브레인,브레인,브레인,Noun
우먼,우먼,우먼,Noun
방,방,방,Noun
임용,임용,임용,Noun
후기,후기,후기,Noun
브레인,브레인,브레인,Noun
상담,상담,상담,Noun
실,실,실,Noun
임용,임용,임용,Noun
상담,상담,상담,Noun
실,실,실,Noun
진로,진로,진로,Noun
상담,상담,상담,Noun
실,실,실,Noun
진학,진학,진학,Noun
상담,상담,상담,Noun
실,실,실,Noun
유학,유학,유학,Noun
상담,상담,상담,Noun
실,실,실,Noun
브레인,브레인,브레인,Noun
토론,토론,토론,Noun
실,실,실,Noun
학술,학술,학술,Noun
토론,토론,토론,Noun
실,실,실,Noun
논문,논문,논문,Noun
토론,토론,토론,Noun
실,실,실,Noun
자유,자유,자유,Noun
토론,토론,토론,Noun
실,실,실,Noun
원,원,원,Modifier
격,격,격,Noun
강의,강의,강의,Noun
정보,정보,정보,Noun
브레인,브레인,브레인,Noun
카페,카페,카페,Noun
전체,전체,전체,Noun
글,글,글,Noun
보기,보기,보기,Noun
인기,인기,인기,Noun
글,글,글,Noun
보기,보기,보기,Noun
추천,추천,추천,Noun
글,글,글,Noun
보기,보기,보기,Noun
이슈,이슈,이슈,Noun
글,글,글,Noun
보기,보기,보기,Noun
전문가,전문가,전문가,Noun
카페,카페,카페,Noun
새,새,새,Modifier
시,시,시,Modifier
대교,대교,대교,Noun
수법,수법,수법,Noun
과학기술,과학기술,과학기술,Noun
글쓰기,글쓰기,글쓰기,Noun
해외,해외,해외,Noun
연수,연수,연수,Noun
맞춤,맞춤,맞춤,Noun
정보,정보,정보,Noun
즐겨찾기,즐겨찾기,즐겨찾기,Noun
해외,해외,해외,Noun
생활,생활,생활,Noun
전체,전체,전체,Noun
해외,해외,해외,Noun
연수,연수,연수,Noun
유학,유학,유학,Noun
상담,상담,상담,Noun
실,실,실,Noun
포닥,포닥,포닥,Adverb
상담,상담,상담,Noun
실,실,실,Noun
방문,방문,방문,Noun
교수,교수,교수,Noun
브레인,브레인,브레인,Noun
월드,월드,월드,Noun
해외,해외,해외,Noun
연수,연수,연수,Noun
토종,토종,토종,Noun
박사,박사,박사,Noun
미국,미국,미국,Noun
연수,연수,연수,Noun
한미,한미,한미,Noun
직장,직장,직장,Noun
문화,문화,문화,Noun
미국,미국,미국,Noun
연수,연수,연수,Noun
일기,일기,일기,Noun
마이,마이,마이,Noun
메뉴,메뉴,메뉴,Noun
로그인,로그인,로그인,Noun
필요한,필요한,필요하다,Adjective
메뉴,메뉴,메뉴,Noun
입니다,입니다,이다,Adjective
.,.,.,Punctuation
로그인,로그인,로그인,Noun
회원,회원,회원,Noun
가입,가입,가입,Noun
